1 0 60 755.5697402953557
1 2 25 320.90686879152446
1 2 124 192.84404922146413
1 2 188 341.5033147985414
1 4 101 378.2867325066556
1 4 171 217.87047573416555
1 5 15 402.6123081546674
1 7 44 545.529793456944
1 7 169 490.7767660907744
1 8 94 186.31129760101337
1 8 143 368.74995254549435
1 9 87 70.61884913755539
1 9 169 632.2276569457998
1 9 194 392.6799649643274
1 10 51 492.74772076056547
1 10 78 285.45984047061154
1 10 140 179.6097360995313
1 10 143 323.52434968375553
1 11 129 428.8171301439477
1 12 161 339.0172585216187
1 13 44 593.3948318023732
1 13 102 197.96595184771715
1 14 17 677.9757734494647
1 15 5 402.6123081546674
1 15 171 227.0917702454961
1 15 186 325.25953976777794
1 17 14 677.9757734494647
1 17 117 334.5543271039655
1 17 195 65.53512297665614
1 18 60 837.487156147842
1 19 157 71.04409593512709
1 20 139 598.1690205927868
1 20 181 119.50601346983542
1 21 146 215.8022089137917
1 23 174 291.47667582497695
1 24 35 554.6997806224794
1 24 59 300.56804692243367
1 24 60 87.45872376638536
1 24 106 136.50606116657593
1 25 2 320.90686879152446
1 25 142 566.549576831021
1 25 166 390.61776019481493
1 25 172 322.042851060413
1 25 188 40.70985254640496
1 26 110 427.92888773559673
1 27 87 365.4430742891469
1 27 175 291.05001780702224
1 29 72 616.0990282506156
1 31 56 365.88667692519596
1 31 168 574.3614352704926
1 31 194 303.64767787469293
1 35 24 554.6997806224794
1 35 76 373.68788828603704
1 35 120 127.062294819209
1 35 122 236.64235667429406
1 35 140 358.2766844277001
1 38 58 497.8122092341287
1 38 88 373.79173528904164
1 38 89 381.077480969053
1 38 149 583.1796986060393
1 39 43 546.7757722471538
1 39 117 310.5505265142719
1 40 97 248.54420359627218
1 41 67 183.08210148571214
1 42 117 64.21151480961234
1 43 39 546.7757722471538
1 43 61 242.44323058911843
1 43 175 216.8281748567778
1 44 7 545.529793456944
1 44 13 593.3948318023732
1 46 165 174.89381861125653
1 47 127 600.6419405278183
1 47 150 741.9205449077799
1 47 160 591.5125803218483
1 49 85 346.07904210923544
1 50 156 281.6158391183351
1 51 10 492.74772076056547
1 51 68 71.91952145739728
1 52 146 407.6172626147011
1 53 143 448.12053527470357
1 54 74 322.91923502885317
1 54 116 512.0641224141019
1 54 119 333.8742353060095
1 55 67 321.01987887084425
1 55 73 248.0205864944906
1 56 31 365.88667692519596
1 56 114 379.0668354784839
1 56 145 345.5181558263031
1 56 187 386.1007791634363
1 57 60 315.12761626113416
1 57 159 295.39944313363134
1 57 180 642.2177504499208
1 58 38 497.8122092341287
1 58 63 253.3429347932534
1 58 179 182.3878320085853
1 59 24 300.56804692243367
1 59 90 361.31102563904244
1 59 134 151.38890960161405
1 60 0 755.5697402953557
1 60 18 837.487156147842
1 60 24 87.45872376638536
1 60 57 315.12761626113416
1 60 110 630.4668976816839
1 60 151 307.50936699536464
1 61 43 242.44323058911843
1 61 88 50.61123505062326
1 61 137 282.31621272974127
1 61 181 357.1894352687358
1 63 58 253.3429347932534
1 63 160 296.58362044072766
1 66 101 284.4168499799584
1 66 115 354.350030826473
1 66 195 277.37697190960455
1 67 41 183.08210148571214
1 67 55 321.01987887084425
1 68 51 71.91952145739728
1 68 113 729.1418930313067
1 68 144 384.7718453197284
1 69 89 612.0469501448418
1 69 135 157.5242916002042
1 69 148 341.28107925596936
1 71 84 320.3194390235903
1 72 29 616.0990282506156
1 72 133 313.4673837302818
1 73 55 248.0205864944906
1 73 94 440.7864558270878
1 73 106 552.1290238207154
1 74 54 322.91923502885317
1 74 100 648.2499371659088
1 75 85 400.8477994786063
1 75 97 237.86759480510233
1 75 181 464.6508376054993
1 76 35 373.68788828603704
1 76 88 257.1359867670459
1 77 180 332.2277536174241
1 78 10 285.45984047061154
1 78 91 208.49257183530034
1 78 112 407.896682565341
1 79 89 134.43647126538977
1 79 148 256.90088888052446
1 79 155 320.28537707884544
1 79 197 612.7677440867292
1 80 82 444.07216660799526
1 80 94 215.11442869339174
1 81 85 236.17384599272916
1 81 190 430.73541106501256
1 82 80 444.07216660799526
1 82 145 586.7390834304628
1 83 150 852.8890397880577
1 84 71 320.3194390235903
1 85 49 346.07904210923544
1 85 75 400.8477994786063
1 85 81 236.17384599272916
1 87 9 70.61884913755539
1 87 27 365.4430742891469
1 87 105 227.11140310130872
1 88 38 373.79173528904164
1 88 61 50.61123505062326
1 88 76 257.1359867670459
1 88 138 220.63527231845353
1 89 38 381.077480969053
1 89 69 612.0469501448418
1 89 79 134.43647126538977
1 89 106 222.87440808825357
1 90 59 361.31102563904244
1 91 78 208.49257183530034
1 92 139 571.4582381972067
1 92 153 431.3635485792403
1 94 8 186.31129760101337
1 94 73 440.7864558270878
1 94 80 215.11442869339174
1 94 130 318.79236340710105
1 94 158 99.8516340976089
1 95 157 732.9807583946547
1 95 185 431.41464238946685
1 96 134 470.0455803786326
1 97 40 248.54420359627218
1 97 75 237.86759480510233
1 98 102 132.65863234842305
1 100 74 648.2499371659088
1 100 185 230.58698196127355
1 101 4 378.2867325066556
1 101 66 284.4168499799584
1 102 13 197.96595184771715
1 102 98 132.65863234842305
1 103 193 247.34532692559142
1 104 106 189.3117392468878
1 104 110 347.0275948891506
1 104 172 220.87652005534315
1 104 193 257.58391432035125
1 105 87 227.11140310130872
1 105 120 753.4617083742975
1 105 188 460.3619524447458
1 106 24 136.50606116657593
1 106 73 552.1290238207154
1 106 89 222.87440808825357
1 106 104 189.3117392468878
1 107 170 283.2085050148148
1 110 26 427.92888773559673
1 110 60 630.4668976816839
1 110 104 347.0275948891506
1 110 130 284.5803445115586
1 110 144 213.24076217880918
1 110 178 611.6147141176461
1 111 121 65.73652488561552
1 111 199 194.97452416632905
1 112 78 407.896682565341
1 112 129 161.49770390499478
1 112 174 395.2404750298749
1 112 184 203.1239085638404
1 113 68 729.1418930313067
1 114 56 379.0668354784839
1 114 137 241.39850364981876
1 115 66 354.350030826473
1 115 191 616.3060648559011
1 116 54 512.0641224141019
1 116 126 333.9953230767868
1 117 17 334.5543271039655
1 117 39 310.5505265142719
1 117 42 64.21151480961234
1 117 149 248.91751955889816
1 119 54 333.8742353060095
1 119 132 79.1493637570572
1 119 198 466.92220174471436
1 120 35 127.062294819209
1 120 105 753.4617083742975
1 120 130 190.31512680292437
1 121 111 65.73652488561552
1 122 35 236.64235667429406
1 122 123 190.8733012399526
1 123 122 190.8733012399526
1 124 2 192.84404922146413
1 126 116 333.9953230767868
1 127 47 600.6419405278183
1 127 150 269.6194500489544
1 129 11 428.8171301439477
1 129 112 161.49770390499478
1 130 94 318.79236340710105
1 130 110 284.5803445115586
1 130 120 190.31512680292437
1 130 143 501.1215698284782
1 132 119 79.1493637570572
1 133 72 313.4673837302818
1 134 59 151.38890960161405
1 134 96 470.0455803786326
1 134 150 516.0732612039079
1 135 69 157.5242916002042
1 135 179 107.69933117908532
1 137 61 282.31621272974127
1 137 114 241.39850364981876
1 138 88 220.63527231845353
1 138 176 355.25040016507216
1 138 180 572.4818187208161
1 139 20 598.1690205927868
1 139 92 571.4582381972067
1 139 195 85.34368258331693
1 140 10 179.6097360995313
1 140 35 358.2766844277001
1 140 150 383.79126545477783
1 141 160 325.66162100161404
1 142 25 566.549576831021
1 142 173 324.7122530078641
1 142 176 761.3553114488267
1 142 179 184.91648187627464
1 143 8 368.74995254549435
1 143 10 323.52434968375553
1 143 53 448.12053527470357
1 143 130 501.1215698284782
1 144 68 384.7718453197284
1 144 110 213.24076217880918
1 145 56 345.5181558263031
1 145 82 586.7390834304628
1 146 21 215.8022089137917
1 146 52 407.6172626147011
1 146 179 316.81979813232726
1 147 178 189.38669078124062
1 148 69 341.28107925596936
1 148 79 256.90088888052446
1 149 38 583.1796986060393
1 149 117 248.91751955889816
1 150 47 741.9205449077799
1 150 83 852.8890397880577
1 150 127 269.6194500489544
1 150 134 516.0732612039079
1 150 140 383.79126545477783
1 150 151 243.144864202235
1 150 179 665.1894266212782
1 150 191 155.6309782380621
1 151 60 307.50936699536464
1 151 150 243.144864202235
1 153 92 431.3635485792403
1 154 157 564.1366528179844
1 155 79 320.28537707884544
1 156 50 281.6158391183351
1 156 158 532.1947149882334
1 156 170 492.88170352066317
1 156 197 242.31190615099771
1 157 19 71.04409593512709
1 157 95 732.9807583946547
1 157 154 564.1366528179844
1 157 183 320.5281569800636
1 158 94 99.8516340976089
1 158 156 532.1947149882334
1 159 57 295.39944313363134
1 160 47 591.5125803218483
1 160 63 296.58362044072766
1 160 141 325.66162100161404
1 161 12 339.0172585216187
1 162 168 106.84286882755721
1 162 176 788.377433790278
1 164 172 376.3958988122208
1 165 46 174.89381861125653
1 165 183 199.37559576479305
1 166 25 390.61776019481493
1 167 194 500.0780222708947
1 168 31 574.3614352704926
1 168 162 106.84286882755721
1 169 7 490.7767660907744
1 169 9 632.2276569457998
1 170 107 283.2085050148148
1 170 156 492.88170352066317
1 171 4 217.87047573416555
1 171 15 227.0917702454961
1 172 25 322.042851060413
1 172 104 220.87652005534315
1 172 164 376.3958988122208
1 173 142 324.7122530078641
1 174 23 291.47667582497695
1 174 112 395.2404750298749
1 174 199 383.51697684675736
1 175 27 291.05001780702224
1 175 43 216.8281748567778
1 175 177 95.19381669432782
1 176 138 355.25040016507216
1 176 142 761.3553114488267
1 176 162 788.377433790278
1 177 175 95.19381669432782
1 177 186 459.88957318082606
1 178 110 611.6147141176461
1 178 147 189.38669078124062
1 178 193 569.4020715629318
1 179 58 182.3878320085853
1 179 135 107.69933117908532
1 179 142 184.91648187627464
1 179 146 316.81979813232726
1 179 150 665.1894266212782
1 180 57 642.2177504499208
1 180 77 332.2277536174241
1 180 138 572.4818187208161
1 181 20 119.50601346983542
1 181 61 357.1894352687358
1 181 75 464.6508376054993
1 183 157 320.5281569800636
1 183 165 199.37559576479305
1 184 112 203.1239085638404
1 185 95 431.41464238946685
1 185 100 230.58698196127355
1 186 15 325.25953976777794
1 186 177 459.88957318082606
1 187 56 386.1007791634363
1 188 2 341.5033147985414
1 188 25 40.70985254640496
1 188 105 460.3619524447458
1 190 81 430.73541106501256
1 191 115 616.3060648559011
1 191 150 155.6309782380621
1 193 103 247.34532692559142
1 193 104 257.58391432035125
1 193 178 569.4020715629318
1 194 9 392.6799649643274
1 194 31 303.64767787469293
1 194 167 500.0780222708947
1 195 17 65.53512297665614
1 195 66 277.37697190960455
1 195 139 85.34368258331693
1 197 79 612.7677440867292
1 197 156 242.31190615099771
1 198 119 466.92220174471436
1 199 111 194.97452416632905
1 199 174 383.51697684675736
