1 2 43 827.4407938756295
1 5 25 674.5269099754331
1 5 50 470.49167976260117
1 5 83 389.12569063185043
1 7 36 462.51380513914
1 7 79 493.4687606420471
1 8 31 253.2898900108074
1 8 39 653.5589678017815
1 8 92 292.1104867698905
1 11 19 503.283748778759
1 11 98 246.40764116711722
1 14 55 830.145230071339
1 14 92 494.566401865866
1 16 80 568.915702701049
1 16 85 673.8843298595342
1 17 63 694.4972407275131
1 18 32 134.58793416943448
1 18 38 392.34215201511023
1 19 11 503.283748778759
1 19 69 178.82051541081842
1 20 61 95.59556979648556
1 25 5 674.5269099754331
1 28 34 158.80620525365762
1 29 62 682.3499653475975
1 30 60 568.339754010669
1 30 73 66.05072126226113
1 31 8 253.2898900108074
1 31 71 372.10797426324604
1 31 99 433.596296273624
1 32 18 134.58793416943448
1 32 49 455.09120350553866
1 32 52 390.1223250650357
1 33 35 405.55429652652026
1 34 28 158.80620525365762
1 35 33 405.55429652652026
1 35 88 330.77765870999116
1 36 7 462.51380513914
1 38 18 392.34215201511023
1 39 8 653.5589678017815
1 43 2 827.4407938756295
1 45 89 141.4217192238743
1 48 81 300.7981074782516
1 48 92 403.7568004783665
1 49 32 455.09120350553866
1 50 5 470.49167976260117
1 51 72 152.3939010533661
1 52 32 390.1223250650357
1 54 66 350.4265728773498
1 55 14 830.145230071339
1 55 91 643.2317837883439
1 58 82 502.98077762557455
1 60 30 568.339754010669
1 60 89 651.3136922933207
1 61 20 95.59556979648556
1 62 29 682.3499653475975
1 62 87 599.5163856953386
1 63 17 694.4972407275131
1 66 54 350.4265728773498
1 69 19 178.82051541081842
1 71 31 372.10797426324604
1 72 51 152.3939010533661
1 73 30 66.05072126226113
1 73 76 406.33555748497446
1 74 79 377.033389765421
1 75 82 661.0727534586881
1 76 73 406.33555748497446
1 79 7 493.4687606420471
1 79 74 377.033389765421
1 80 16 568.915702701049
1 81 48 300.7981074782516
1 82 58 502.98077762557455
1 82 75 661.0727534586881
1 83 5 389.12569063185043
1 84 99 726.5769527345936
1 85 16 673.8843298595342
1 87 62 599.5163856953386
1 88 35 330.77765870999116
1 89 45 141.4217192238743
1 89 60 651.3136922933207
1 91 55 643.2317837883439
1 92 8 292.1104867698905
1 92 14 494.566401865866
1 92 48 403.7568004783665
1 98 11 246.40764116711722
1 99 31 433.596296273624
1 99 84 726.5769527345936
