1 0 245 429.3743431138005
2 0 655 446.37669501646747
3 1 169 189.51437526958964
4 1 197 441.96464920236076
5 1 236 586.5696921879843
6 1 964 310.1955155816403
7 2 431 413.0041837021645
8 2 896 586.4091384682242
9 3 98 185.96560968313932
10 3 156 58.60037621784707
11 3 380 339.316575189711
12 4 831 185.0979637284978
13 5 402 523.3146145884616
14 5 421 176.54724736778624
15 6 328 499.99842100057117
16 6 678 110.51757607610935
17 6 797 338.4241984721202
18 6 910 194.1594578374985
19 7 9 48.28638823118435
20 7 870 700.9413948230875
21 7 955 658.2399169758829
22 8 191 237.22666619709156
23 8 831 171.90079031669487
24 9 7 48.28638823118435
25 9 130 636.2359463575649
26 10 544 482.96143547462844
27 10 780 332.95768304957943
28 11 177 433.5543664126823
29 11 546 488.0011802019833
30 11 867 284.5293076015678
31 11 965 464.26056516930333
32 12 185 552.5342851165406
33 12 195 489.5486184164087
34 12 283 775.0419725616907
35 12 741 357.4503571646364
36 12 822 486.6724362706766
37 12 879 558.7340805888643
38 12 977 738.3290957426976
39 13 238 289.01548820794875
40 13 347 21.74720050555517
41 14 166 248.9535822483964
42 14 665 293.71220070946794
43 14 876 129.8721047140974
44 15 102 518.6523356173974
45 15 209 375.71186845540086
46 15 236 726.7632665497188
47 15 260 457.8383424193586
48 15 283 93.93861521257715
49 15 307 519.1028191214355
50 15 464 303.55606854897394
51 15 521 486.24800846481475
52 15 564 357.0131390284866
53 16 48 9.215981748820578
54 16 362 179.07347844234712
55 16 441 60.57187264488074
56 17 161 528.6252554966634
57 17 328 252.96880627275283
58 17 605 23.809700625785002
59 18 244 491.05514911300713
60 18 348 256.6554153607972
61 18 393 119.10247026239003
62 18 460 335.1120436642684
63 18 708 487.8206568978566
64 19 290 450.04387589675594
65 19 869 613.6370024852988
66 20 250 496.81389594658907
67 20 813 362.8381873633542
68 20 977 635.5673394403657
69 21 35 256.0132836809461
70 21 60 185.42986761081644
71 21 538 286.95353782561534
72 21 627 277.51260886656576
73 21 783 247.85749676309882
74 22 275 594.5507640359398
75 22 321 663.1646189092811
76 22 756 660.7061611428337
77 22 874 429.25097900212774
78 23 439 564.2628060144826
79 24 162 79.12677890127627
80 24 707 431.746749192051
81 24 824 272.50316625024465
82 24 826 159.38611923575573
83 24 850 278.8949415436159
84 25 182 690.6409473298718
85 25 302 713.7994958069194
86 26 124 328.1185683981924
87 26 238 175.18865660177485
88 26 614 339.67604549868145
89 26 696 484.1289995915699
90 26 942 136.34582193713402
91 28 185 644.730487505067
92 28 458 326.9877517253652
93 28 596 309.4758268124838
94 28 655 472.0459259409029
95 28 764 276.2891964257435
96 28 767 315.3150950522815
97 28 836 296.68865112143146
98 29 194 379.66811093999746
99 29 629 447.9122524439972
100 30 396 434.00922757089097
101 30 448 302.0073715853722
102 30 530 583.8268095514422
103 30 681 213.31596623953922
104 30 982 595.360407293818
105 31 484 347.2000175719678
106 31 874 167.06320212636393
107 32 100 280.0825085951769
108 32 422 73.92679969391936
109 32 424 188.79570219856322
110 32 562 185.94375131950036
111 33 547 348.05430282890967
112 33 609 400.6134229800978
113 33 644 472.6551993307464
114 33 657 429.64736400665515
115 33 903 558.3369680428927
116 34 353 323.4707309996919
117 34 431 500.4681411131372
118 35 21 256.0132836809461
119 35 96 339.58716643702445
120 35 167 492.8062173791795
121 35 594 191.2872938240334
122 35 726 210.41687676606577
123 36 345 266.25438203629454
124 38 184 132.67597199647722
125 38 850 215.28626869667627
126 39 470 476.2747365500742
127 39 571 316.30133681984523
128 40 421 481.54464180389243
129 40 559 92.5646371781939
130 41 119 502.76507572457155
131 41 513 525.843737848017
132 42 71 285.94008977626686
133 42 385 516.6094241746438
134 42 445 178.85359118178232
135 42 622 364.45174768479995
136 43 60 296.88170496901245
137 43 230 130.07010555183479
138 43 451 99.03467082979209
139 43 560 312.3824955992774
140 43 677 299.6338860339462
141 44 254 580.6418886733414
142 44 560 397.82691631689914
143 44 607 448.2070525137185
144 45 46 88.76566182266939
145 45 373 118.26302125365414
146 45 588 503.2555553144651
147 46 45 88.76566182266939
148 46 653 304.4334987797351
149 46 910 576.8016472413808
150 47 56 398.88102780029783
151 47 891 387.94190401307714
152 48 16 9.215981748820578
153 48 91 478.01110762522444
154 48 140 275.75811119096863
155 48 741 439.47235509088443
156 48 949 156.3996684368788
157 49 708 473.1956624994369
158 49 722 325.1535435485241
159 50 540 641.0296484285393
160 50 996 572.7547071586226
161 51 841 667.31096176875
162 52 284 191.0030259823311
163 52 565 392.847656602562
164 52 846 251.60010037508368
165 53 386 465.8904235231118
166 53 552 349.6172538112228
167 53 660 698.4936984667507
168 53 674 478.7143129733262
169 53 887 778.6600819095032
170 53 992 155.76544330271267
171 54 666 538.1817457774654
172 54 833 497.7494828865093
173 54 921 364.9745865777085
174 55 67 460.60671796770333
175 55 323 612.1154973665821
176 56 47 398.88102780029783
177 56 191 267.28944062326514
178 56 337 293.92193955342606
179 56 390 28.236127515647933
180 56 668 384.1329733812206
181 57 564 380.09010829022435
182 57 639 190.31950079327092
183 57 726 424.6760605947681
184 57 815 522.3613911897444
185 57 886 285.7456784897995
186 58 170 481.2313351748174
187 58 289 559.6247523901545
188 58 332 180.32047565243133
189 58 939 296.3374780106852
190 60 21 185.42986761081644
191 60 43 296.88170496901245
192 60 181 262.31601301028405
193 60 545 382.2609167108474
194 60 598 352.8251977863509
195 61 318 146.73960216860314
196 61 762 299.48538169258376
197 61 868 241.14975530624994
198 62 513 140.38573066638438
199 62 679 488.2369403234217
200 62 746 354.96265055733403
201 62 757 351.775277957883
202 63 78 375.39390303295323
203 63 461 294.73539671500544
204 63 583 444.63407105234546
205 64 143 284.6028458806542
206 64 305 196.2896258092527
207 64 596 309.209550040043
208 64 688 75.76136123737042
209 64 733 298.07053840896737
210 65 295 295.74050252850566
211 65 477 466.7926426586843
212 65 543 404.66175716476624
213 65 799 554.8533226756618
214 65 830 552.411423928561
215 65 854 479.0588579007779
216 65 926 245.0428225467094
217 67 55 460.60671796770333
218 67 74 367.5876182117967
219 67 845 469.43069645392046
220 68 477 222.67339063208507
221 69 789 421.9828105112811
222 69 911 228.41949658856728
223 70 246 440.37416070853027
224 70 447 605.0969013487629
225 70 451 305.27380604986143
226 71 42 285.94008977626686
227 71 287 444.84863068813945
228 71 820 533.0285564729041
229 72 506 375.33518001161883
230 73 201 37.59112471353318
231 73 962 189.3249860201032
232 73 966 139.1911519636529
233 74 67 367.5876182117967
234 74 533 668.4944788597196
235 74 808 335.18786540783793
236 74 863 290.1098724610342
237 75 479 226.82047503187806
238 76 579 233.12522389782336
239 76 935 212.85272793722066
240 77 152 384.7738636927546
241 77 332 506.0995265831222
242 77 802 240.3211383144603
243 78 63 375.39390303295323
244 78 102 445.7143680578658
245 78 415 151.86257330802704
246 78 525 251.57014595864453
247 78 719 524.1440510532294
248 79 587 261.4241170177013
249 80 390 312.01088434393216
250 80 796 383.39283225512975
251 80 830 274.05373419888053
252 81 473 724.9316948009903
253 82 104 141.54397356397652
254 82 349 274.49211161506616
255 82 686 402.5271350964389
256 82 862 375.3637733158516
257 83 158 390.25669444929537
258 83 167 276.9629815511678
259 83 266 566.3827151758164
260 83 817 450.82859283839167
261 85 169 560.3915326154876
262 85 324 319.8639487700228
263 85 439 551.616587903864
264 86 343 765.5240365989722
265 86 439 219.1197337944705
266 86 498 277.2202273213238
267 86 737 375.3412132005255
268 88 337 246.32283704373532
269 88 367 189.44191810776056
270 88 526 320.03039798818656
271 88 540 252.2933603604662
272 88 619 411.6226994288331
273 89 156 459.9447090120367
274 90 461 158.08497180264862
275 90 532 462.72850566635753
276 90 602 446.89257020188023
277 91 48 478.01110762522444
278 91 264 165.68757808025157
279 91 853 180.86608957500488
280 92 206 92.9013842922134
281 92 347 397.75356754209827
282 92 964 609.737598571295
283 93 325 353.66156678556973
284 95 104 355.9928785027919
285 95 196 94.64202591547061
286 95 521 247.12357439613285
287 95 893 397.0156242035941
288 96 35 339.58716643702445
289 97 169 239.7161599293559
290 97 246 498.06851975612193
291 97 335 301.792302160622
292 97 983 512.8584642001155
293 98 3 185.96560968313932
294 98 300 500.3793779829355
295 98 437 116.00398405699485
296 99 125 368.9317659277501
297 99 382 397.0218870858515
298 99 617 246.62621186501477
299 99 756 484.3244454758529
300 99 768 292.0527458655697
301 99 821 271.4792005333765
302 99 903 390.11371676321664
303 99 937 172.24558770263408
304 100 32 280.0825085951769
305 100 184 457.16252634305124
306 100 605 462.3346808258208
307 100 912 327.07904622434415
308 101 752 156.5938208550055
309 101 779 391.0016727533856
310 101 857 515.7104979936972
311 101 902 149.68187499598383
312 101 953 145.51084156326274
313 102 15 518.6523356173974
314 102 78 445.7143680578658
315 102 418 103.24597900662394
316 103 211 208.1017407835483
317 103 822 435.0641383697504
318 104 82 141.54397356397652
319 104 95 355.9928785027919
320 104 332 587.7218406686704
321 104 512 249.29750917065243
322 104 570 572.796390514317
323 104 605 23.0294706876856
324 104 721 103.26604198577458
325 105 343 491.4585897188311
326 105 364 159.99957081219986
327 105 417 289.2655624748655
328 105 824 175.36163939142574
329 105 971 205.46019233968073
330 106 196 371.477872110822
331 106 315 482.76297825113596
332 107 336 374.7317705430235
333 107 586 545.4317550701587
334 107 906 282.08676793336326
335 108 135 647.1625522704268
336 108 489 107.59942088303332
337 108 652 324.9764552053571
338 108 712 9.16008933206745
339 108 816 53.7506318707423
340 108 991 559.7424383994809
341 109 118 245.37231980310113
342 109 141 75.53948436157906
343 109 677 124.52619830799826
344 109 940 456.9683612224423
345 110 133 570.2462879997206
346 110 397 334.8414968249068
347 110 690 594.9833592192213
348 110 942 344.7971024482568
349 111 214 396.78351303834586
350 112 477 351.26650420009645
351 113 307 484.86351898238684
352 113 568 213.67346713375744
353 113 984 317.7993404115812
354 114 366 341.65726602789573
355 114 437 287.21196815946575
356 114 945 504.33743317115164
357 115 676 453.2080169492684
358 116 523 120.027873902842
359 117 118 71.22245347618315
360 117 163 432.02195603684845
361 118 109 245.37231980310113
362 118 117 71.22245347618315
363 118 685 372.1396402048129
364 118 884 367.1059035937443
365 119 41 502.76507572457155
366 119 241 122.28566772312085
367 119 437 133.50046572921596
368 119 544 457.5879704989195
369 119 760 369.4385009396285
370 120 686 412.4726563399587
371 120 936 522.4218011707053
372 121 664 626.3648687331735
373 122 213 165.763200174132
374 122 596 437.7666417488282
375 122 763 157.69993040858714
376 123 246 563.4311257171729
377 124 26 328.1185683981924
378 124 417 238.0638759903268
379 124 430 515.3345068870794
380 124 830 403.82618234202965
381 125 99 368.9317659277501
382 125 214 407.0323442228814
383 125 425 336.96293582422044
384 125 588 91.65622502322076
385 125 759 288.0645357046109
386 125 880 228.3274520545916
387 126 217 314.51268527944814
388 126 280 152.92300093510025
389 126 336 191.479488702562
390 127 518 350.5003825037615
391 127 728 107.27257932906389
392 128 377 354.2674378849952
393 128 702 172.88457705700498
394 129 166 273.93568147876414
395 129 200 208.95553576536648
396 129 278 298.4260701288334
397 129 396 463.05033942355817
398 129 981 291.02262952489366
399 130 9 636.2359463575649
400 130 411 670.1042279162863
401 130 412 169.8644962107114
402 130 646 490.2761775068904
403 130 859 628.8812205136597
404 131 251 179.85734177666816
405 132 213 433.56157908326594
406 132 855 427.37512444221613
407 132 906 470.2379750927732
408 133 110 570.2462879997206
409 133 552 270.62819125615243
410 133 683 591.1694512042825
411 134 138 319.3568557916221
412 134 659 202.07770300188386
413 135 108 647.1625522704268
414 135 348 334.17508154780177
415 136 561 253.8443148869293
416 136 814 238.99342631748445
417 136 940 65.73257026074347
418 137 188 486.97329609807446
419 137 379 387.4408854357713
420 138 134 319.3568557916221
421 138 363 246.2887684445163
422 138 365 88.52795423330298
423 138 576 235.97173572556795
424 138 998 423.4848879798121
425 139 239 554.0114815586658
426 140 48 275.75811119096863
427 140 514 439.4410426470078
428 141 109 75.53948436157906
429 141 842 634.971327631283
430 142 357 324.02052113379426
431 142 694 239.83872785676385
432 142 763 214.6216240620493
433 143 64 284.6028458806542
434 143 527 245.0460560717266
435 143 537 194.0510315876922
436 144 717 395.2405035452246
437 146 186 320.54971006896693
438 146 714 9.057372351974703
439 146 805 456.5893718914037
440 146 961 817.0299064632643
441 147 175 408.18597179221916
442 147 446 436.11318509607366
443 148 796 468.4712817410118
444 149 284 70.40498306274061
445 149 552 603.8293972842049
446 149 712 541.3144245172529
447 150 479 431.0399934434164
448 150 910 88.28377577903825
449 150 951 113.06509231337573
450 151 200 398.4072693112683
451 151 446 382.23322177688163
452 152 77 384.7738636927546
453 152 762 155.85625647910962
454 153 528 477.74649241788234
455 154 340 500.1659210430379
456 155 327 370.3620536754374
457 155 637 406.0452008467284
458 155 780 181.01542839923178
459 156 3 58.60037621784707
460 156 89 459.9447090120367
461 156 359 388.3889071907649
462 156 509 199.33568038251448
463 156 693 480.760947288894
464 156 796 134.27500380518978
465 157 191 180.28402317982273
466 157 441 170.81205722390217
467 158 83 390.25669444929537
468 158 552 51.02629262093451
469 158 834 296.83425939883693
470 159 316 394.37210219267496
471 159 579 287.38105881964617
472 160 344 317.53697096251534
473 160 498 375.1119478932753
474 160 661 467.7632750708631
475 160 668 174.778603426693
476 160 739 61.823296841525305
477 160 866 483.7705091728302
478 160 992 563.6168555814252
479 161 17 528.6252554966634
480 161 390 648.8356800324798
481 161 430 750.1163797953939
482 161 618 498.2634502217844
483 161 676 442.15334458360667
484 161 697 127.20922130857305
485 162 24 79.12677890127627
486 162 210 474.154188807614
487 162 404 391.3073536930594
488 162 486 449.55858960452986
489 162 585 441.1028423690292
490 162 710 429.94644189998047
491 163 117 432.02195603684845
492 163 311 241.88078833342257
493 163 326 654.2512123798942
494 163 476 777.5002791432727
495 163 708 273.47372467335805
496 163 818 714.3761386171308
497 164 333 281.04396277832586
498 164 630 434.8167429421091
499 164 801 187.56147599336586
500 165 187 553.253246331531
501 165 817 240.38333896790547
502 166 14 248.9535822483964
503 166 129 273.93568147876414
504 166 247 255.85100078221978
505 167 35 492.8062173791795
506 167 83 276.9629815511678
507 167 443 474.0294981796576
508 167 971 519.6058309516774
509 169 1 189.51437526958964
510 169 85 560.3915326154876
511 169 97 239.7161599293559
512 169 495 275.8656378003648
513 169 908 527.2176549083725
514 170 58 481.2313351748174
515 170 710 452.16657739815145
516 170 899 563.1436500045298
517 171 452 118.75144703632431
518 171 769 332.57497017429307
519 171 879 569.9056303294037
520 172 783 563.5781461798466
521 173 504 194.96285843326473
522 174 206 318.9643783458892
523 174 544 430.5453797269823
524 175 147 408.18597179221916
525 175 229 492.0785155009055
526 175 387 372.5393081973811
527 175 900 470.260311917074
528 175 999 422.50072988941565
529 176 711 491.46388131244976
530 176 939 437.37422126457875
531 176 972 125.6657742218865
532 177 11 433.5543664126823
533 177 252 488.65513748192893
534 177 462 766.9854500541088
535 178 204 210.14997793985825
536 178 323 517.1617093596635
537 178 536 109.52879384638716
538 179 191 365.85360319607975
539 179 718 825.0899468959792
540 180 379 238.2818561257273
541 181 60 262.31601301028405
542 181 284 419.8511006770235
543 181 493 273.14753630712516
544 181 663 252.29385452391682
545 181 672 285.56904141145816
546 181 735 576.5079621378228
547 182 25 690.6409473298718
548 182 437 386.9655837736197
549 182 467 547.9818454938207
550 182 738 199.56164088583367
551 184 38 132.67597199647722
552 184 100 457.16252634305124
553 184 508 211.95882252361415
554 184 769 283.26585149352024
555 185 12 552.5342851165406
556 185 28 644.730487505067
557 186 146 320.54971006896693
558 186 499 94.35240190542847
559 186 721 83.80398330291361
560 186 865 360.2547611414518
561 187 165 553.253246331531
562 187 345 350.91072004256455
563 187 380 232.63274965066276
564 187 966 670.1785959907422
565 188 137 486.97329609807446
566 188 444 342.1416950848207
567 188 594 357.5650709511936
568 188 974 306.44038220949017
569 190 219 405.19945835747177
570 190 638 269.54831323811055
571 190 668 315.40106413804983
572 190 844 371.5077717260806
573 191 8 237.22666619709156
574 191 56 267.28944062326514
575 191 157 180.28402317982273
576 191 179 365.85360319607975
577 191 243 287.32060838766864
578 192 404 196.13763028917856
579 192 712 388.79562774545604
580 192 956 140.36395885060244
581 192 957 193.80182854485255
582 192 984 348.6581501916152
583 192 990 466.14904845053064
584 193 316 93.32159458580567
585 193 832 321.4731031879772
586 194 29 379.66811093999746
587 194 808 76.40896643527967
588 194 976 603.6490766473378
589 195 12 489.5486184164087
590 195 481 499.4351641649139
591 195 482 492.4484336105368
592 195 533 584.8900211137467
593 195 959 617.7801482135059
594 195 979 482.96954671604385
595 196 95 94.64202591547061
596 196 106 371.477872110822
597 196 902 331.9429264155111
598 197 1 441.96464920236076
599 197 242 229.94508233995464
600 197 598 233.12294761789167
601 197 980 430.14450230960637
602 197 993 388.0984750394299
603 198 509 444.9511127591811
604 198 576 60.77590360521526
605 199 524 414.35505796927447
606 200 129 208.95553576536648
607 200 151 398.4072693112683
608 200 954 300.77304560803685
609 201 73 37.59112471353318
610 202 273 539.1528777377794
611 203 376 445.8949592898487
612 203 447 268.889735232084
613 203 643 662.6258555679781
614 203 755 401.13265759822383
615 203 950 560.2607905587195
616 204 178 210.14997793985825
617 204 461 390.2761458548942
618 204 607 443.0635465090713
619 205 935 271.19277647856
620 206 92 92.9013842922134
621 206 174 318.9643783458892
622 206 740 383.55602696540984
623 206 769 378.06599483668947
624 206 835 75.85086214781815
625 207 240 626.5251229394064
626 207 667 185.7539834751233
627 208 400 204.07072383126402
628 209 15 375.71186845540086
629 209 629 331.67633685220807
630 210 162 474.154188807614
631 210 424 325.12765479969744
632 211 103 208.1017407835483
633 211 821 309.7111981132929
634 211 858 361.20594230076586
635 211 921 123.93008846339116
636 211 987 479.14726334451683
637 212 413 201.6697171943826
638 212 555 596.4010556069907
639 212 589 158.3203364344541
640 212 985 483.88817846098675
641 213 122 165.763200174132
642 213 132 433.56157908326594
643 213 271 477.5083927241561
644 214 111 396.78351303834586
645 214 125 407.0323442228814
646 214 591 139.57834903216568
647 215 490 500.4071038640026
648 215 500 203.66465661500106
649 215 867 194.63071428245593
650 215 989 274.472462115791
651 216 704 154.16697276778928
652 216 769 248.66871016343035
653 216 970 241.40426467956755
654 216 972 393.6730178465016
655 217 126 314.51268527944814
656 217 230 273.22771963158937
657 217 453 577.5249079831107
658 218 247 606.7615667792833
659 218 253 243.15686072962444
660 219 190 405.19945835747177
661 220 253 198.23066241110834
662 220 839 180.0759281406994
663 221 648 591.5682592554341
664 222 438 264.9329597932517
665 222 537 172.6569584427185
666 223 327 577.2533974960995
667 223 465 612.9414741699159
668 223 582 187.77696106486832
669 223 785 461.13013037355444
670 224 354 517.0195208547128
671 224 498 759.9577311757058
672 224 694 346.6239679307599
673 224 751 840.9490168276548
674 224 954 454.63821794548
675 225 367 384.55045342655825
676 225 467 417.3841249428611
677 225 597 419.64877272683316
678 225 607 549.7255812182317
679 225 616 723.8659501866689
680 225 736 443.74196372791056
681 225 951 7.696188507472051
682 226 820 211.99268055270883
683 227 763 191.30182676107685
684 227 875 313.8413901917763
685 228 627 463.23304789317456
686 228 759 422.27982404746285
687 229 175 492.0785155009055
688 229 944 35.71444694374463
689 230 43 130.07010555183479
690 230 217 273.22771963158937
691 231 927 83.36680784259997
692 232 890 486.5765577554233
693 233 971 159.60030060027293
694 235 355 483.50976423676315
695 235 479 366.3671806043186
696 235 521 246.96560203053826
697 236 1 586.5696921879843
698 236 15 726.7632665497188
699 236 898 541.1060907743037
700 236 955 442.45728155594765
701 236 979 598.0864231543399
702 237 273 313.4697204893613
703 237 714 675.9934278785021
704 237 807 229.22179197885603
705 238 13 289.01548820794875
706 238 26 175.18865660177485
707 238 420 399.95467835542695
708 238 664 400.5629052624417
709 239 139 554.0114815586658
710 239 604 639.1267557489821
711 239 875 680.2162753442575
712 240 207 626.5251229394064
713 240 285 206.35584077509736
714 240 679 346.1522408747364
715 241 119 122.28566772312085
716 241 400 94.33066501754182
717 241 498 482.513034394804
718 241 772 297.55505900624894
719 241 869 294.16929363102037
720 242 197 229.94508233995464
721 242 618 527.8723180464424
722 242 631 164.3185533780023
723 243 191 287.32060838766864
724 243 452 498.714541444806
725 243 553 293.2967962806181
726 243 590 327.66979742489224
727 244 18 491.05514911300713
728 245 0 429.3743431138005
729 245 861 388.5244545640289
730 246 70 440.37416070853027
731 246 97 498.06851975612193
732 246 123 563.4311257171729
733 247 166 255.85100078221978
734 247 218 606.7615667792833
735 247 923 581.3491863488141
736 248 336 228.40313578081768
737 248 941 211.3686594204502
738 248 947 144.17637283239367
739 249 263 142.0924602137244
740 249 273 580.8469313216548
741 250 20 496.81389594658907
742 250 353 183.8571516415783
743 250 469 107.39377867035414
744 251 131 179.85734177666816
745 251 419 209.37533582069258
746 251 799 241.97061703292687
747 252 177 488.65513748192893
748 252 613 264.81221578050554
749 252 882 230.70433220862657
750 253 218 243.15686072962444
751 253 220 198.23066241110834
752 253 712 588.8658394470342
753 254 44 580.6418886733414
754 254 998 755.1474276267351
755 256 484 159.46985918013988
756 256 731 128.02421167378523
757 256 857 93.20045347152096
758 257 302 575.1638740430282
759 257 500 620.0297256229331
760 257 860 664.4180066156194
761 257 938 162.23959219593624
762 258 880 251.8030570080082
763 258 943 402.1500570574122
764 259 851 366.13808755893166
765 259 864 217.40181311828908
766 260 15 457.8383424193586
767 260 921 405.0891614169716
768 260 992 501.5980952815554
769 261 357 315.2499727907034
770 261 608 141.91639499111722
771 261 780 292.1541957028605
772 261 948 88.23615729378142
773 261 995 309.8529286364262
774 262 320 342.09902800194163
775 262 347 186.80341391502876
776 262 354 85.34293460512046
777 263 249 142.0924602137244
778 263 526 349.64147558286794
779 263 784 253.88091808987252
780 264 91 165.68757808025157
781 265 368 165.1523906519243
782 265 557 443.0306565353417
783 265 597 235.77174342021974
784 266 83 566.3827151758164
785 266 379 309.3528216769028
786 267 534 34.56099208256066
787 267 719 237.47897881249156
788 267 865 176.5245156243555
789 267 980 446.8312929573955
790 268 554 289.08583347970244
791 269 783 468.1867077449266
792 269 844 382.0994468927482
793 270 504 271.37472471089035
794 270 728 164.42579369155433
795 270 854 164.70980322716116
796 270 892 186.61997096784896
797 271 213 477.5083927241561
798 272 589 365.863474915996
799 272 863 337.9847332688367
800 273 202 539.1528777377794
801 273 237 313.4697204893613
802 273 249 580.8469313216548
803 273 312 42.408884233582725
804 273 772 748.1872004280003
805 274 360 336.50054151990884
806 274 803 284.90414757993915
807 274 826 56.637431530017786
808 274 853 29.23934283848969
809 275 22 594.5507640359398
810 275 781 143.21154854577273
811 275 889 554.5240725762369
812 276 841 198.38276321344048
813 277 342 364.83498782852746
814 277 623 586.6286712406834
815 278 129 298.4260701288334
816 278 339 34.19239311379322
817 278 349 419.1878563237181
818 278 901 217.1154405758474
819 278 986 472.8720432176189
820 279 493 128.0728186780454
821 279 636 406.8585362123628
822 279 955 408.56221126898134
823 280 126 152.92300093510025
824 281 324 209.35138352768266
825 282 300 620.6809152098944
826 282 470 213.27829849894383
827 283 12 775.0419725616907
828 283 15 93.93861521257715
829 284 52 191.0030259823311
830 284 149 70.40498306274061
831 284 181 419.8511006770235
832 284 545 176.93057026450353
833 285 240 206.35584077509736
834 286 621 521.8669211875797
835 287 71 444.84863068813945
836 287 684 333.5722769801373
837 287 882 296.10229426961513
838 288 426 331.5327135422888
839 289 58 559.6247523901545
840 289 646 607.1195930458019
841 290 19 450.04387589675594
842 291 467 252.26883227680446
843 291 699 254.8477291010965
844 291 880 356.70318827936114
845 292 392 311.8140261254768
846 293 465 260.1786708966565
847 293 581 255.36827404106344
848 293 853 295.1901333171187
849 294 890 592.956118058241
850 295 65 295.74050252850566
851 296 311 462.91445353795683
852 296 325 628.5737829367437
853 296 727 527.901891614862
854 296 820 425.06844063000864
855 297 673 170.58884695081386
856 297 714 501.7579475934544
857 298 781 384.61648663059304
858 299 598 200.2756415930823
859 300 98 500.3793779829355
860 300 282 620.6809152098944
861 300 449 323.52209816805026
862 300 748 545.763808824996
863 300 900 495.98564358001397
864 301 954 417.79491924466885
865 302 25 713.7994958069194
866 302 257 575.1638740430282
867 302 590 115.15437668546201
868 302 879 460.2757120513348
869 303 414 517.8968024044764
870 303 560 393.47484072773454
871 303 670 107.62705680425188
872 303 875 556.975052650025
873 304 437 119.54100765885724
874 304 550 328.7358697069718
875 304 596 106.43805712829902
876 305 64 196.2896258092527
877 305 743 270.55846073999174
878 305 837 267.5222737776654
879 306 644 400.0196806506264
880 307 15 519.1028191214355
881 307 113 484.86351898238684
882 307 671 630.3497143795184
883 308 772 513.907467631112
884 309 537 578.4023718898424
885 310 425 289.6416615165271
886 310 511 437.39090326342523
887 311 163 241.88078833342257
888 311 296 462.91445353795683
889 312 273 42.408884233582725
890 312 410 550.4610214660091
891 312 667 589.697123924444
892 313 943 191.73956004129374
893 314 648 510.8749064549688
894 315 106 482.76297825113596
895 315 618 405.96005812355753
896 315 675 349.44553347554074
897 316 159 394.37210219267496
898 316 193 93.32159458580567
899 316 369 381.06598406398956
900 317 415 234.9513195393558
901 317 719 445.9131720400895
902 317 744 333.13310010276416
903 317 987 225.42936971192097
904 318 61 146.73960216860314
905 318 843 380.0683358872172
906 318 958 253.8742270947468
907 319 422 350.87962092063333
908 320 262 342.09902800194163
909 320 573 339.0923385519504
910 321 22 663.1646189092811
911 321 696 576.1302740763774
912 321 906 81.51608714033452
913 322 431 463.1288064726388
914 322 926 439.4470113589265
915 323 55 612.1154973665821
916 323 178 517.1617093596635
917 323 619 56.71948493738153
918 323 651 191.57640490059853
919 323 963 740.9273536184811
920 324 85 319.8639487700228
921 324 281 209.35138352768266
922 324 741 341.99806253766
923 325 93 353.66156678556973
924 325 296 628.5737829367437
925 325 622 743.0823867607236
926 326 163 654.2512123798942
927 327 155 370.3620536754374
928 327 223 577.2533974960995
929 327 653 299.49548153616587
930 327 805 233.7135788783722
931 328 6 499.99842100057117
932 328 17 252.96880627275283
933 328 480 547.4796470366995
934 328 707 485.24157741037345
935 328 801 514.6244384445525
936 329 409 121.41231613592903
937 329 541 459.7030219640303
938 330 596 558.660967149964
939 331 362 215.18012409726262
940 331 831 414.9210322600272
941 331 926 419.7326418067086
942 332 58 180.32047565243133
943 332 77 506.0995265831222
944 332 104 587.7218406686704
945 332 381 420.131870470491
946 332 610 368.27099247759213
947 333 164 281.04396277832586
948 333 410 442.19478430788615
949 333 489 253.05970554276703
950 333 518 177.84944240202006
951 334 485 54.554979114824114
952 334 686 209.3380289263403
953 334 983 36.90527244739113
954 335 97 301.792302160622
955 336 107 374.7317705430235
956 336 126 191.479488702562
957 336 248 228.40313578081768
958 336 343 459.7808248271956
959 336 365 234.89653680727974
960 336 700 293.1647080539624
961 337 56 293.92193955342606
962 337 88 246.32283704373532
963 337 917 212.7009029411065
964 337 930 259.4477969093849
965 337 940 144.13992543492776
966 339 278 34.19239311379322
967 339 471 570.0190747634433
968 339 763 401.2333605977862
969 339 880 531.9363507985188
970 340 154 500.1659210430379
971 340 647 123.88014048522433
972 341 785 219.2033885248686
973 341 918 548.5790279237516
974 341 945 384.883070788443
975 342 277 364.83498782852746
976 342 825 187.76639402739687
977 342 883 295.71019872139476
978 343 86 765.5240365989722
979 343 105 491.4585897188311
980 343 336 459.7808248271956
981 344 160 317.53697096251534
982 344 875 451.86150786061455
983 345 36 266.25438203629454
984 345 187 350.91072004256455
985 345 777 156.19806383844065
986 346 379 102.69513557194806
987 346 603 196.97271467147914
988 347 13 21.74720050555517
989 347 92 397.75356754209827
990 347 262 186.80341391502876
991 348 18 256.6554153607972
992 348 135 334.17508154780177
993 348 395 396.1760331511019
994 348 536 205.42747672317515
995 349 82 274.49211161506616
996 349 278 419.1878563237181
997 349 827 91.59291425930824
998 350 601 540.2365418193515
999 350 613 401.81999289456394
1000 350 827 174.44228202117748
1001 351 711 425.9232928402852
1002 351 815 646.6295242585542
1003 352 370 390.5055383920705
1004 352 433 486.47540350706134
1005 353 34 323.4707309996919
1006 353 250 183.8571516415783
1007 353 512 260.7031845350827
1008 353 980 477.1118570125566
1009 354 224 517.0195208547128
1010 354 262 85.34293460512046
1011 354 390 374.7471105960965
1012 354 394 204.65460039630509
1013 355 235 483.50976423676315
1014 355 887 517.3636869787903
1015 356 441 300.0989915436528
1016 356 649 267.76482474259905
1017 356 768 200.8162973414362
1018 356 792 355.57079178662286
1019 357 142 324.02052113379426
1020 357 261 315.2499727907034
1021 357 932 359.1909737834253
1022 358 592 242.34594774560452
1023 359 156 388.3889071907649
1024 359 763 443.8577314923342
1025 359 896 693.6833704670295
1026 360 274 336.50054151990884
1027 360 488 78.1175949498494
1028 360 587 423.6897354714633
1029 360 629 448.30471829934277
1030 360 786 337.3651692836364
1031 361 379 227.06949711257667
1032 361 516 435.6553688372103
1033 361 982 329.8149442582947
1034 362 16 179.07347844234712
1035 362 331 215.18012409726262
1036 362 384 297.0414276012151
1037 362 707 152.8822013839079
1038 362 899 286.1828414580589
1039 363 138 246.2887684445163
1040 363 681 203.7280851193986
1041 363 720 198.3403198918899
1042 364 105 159.99957081219986
1043 364 397 446.35282394974695
1044 364 475 626.5564181146302
1045 364 600 108.55286820127655
1046 365 138 88.52795423330298
1047 365 336 234.89653680727974
1048 365 601 547.0485998794495
1049 366 114 341.65726602789573
1050 366 889 519.7386732109758
1051 367 88 189.44191810776056
1052 367 225 384.55045342655825
1053 367 584 106.9303340781869
1054 368 265 165.1523906519243
1055 368 372 185.5184295606027
1056 368 547 306.8156907242214
1057 368 786 415.89475543547957
1058 369 316 381.06598406398956
1059 369 724 527.8062321487616
1060 369 869 261.0839723160295
1061 370 352 390.5055383920705
1062 370 397 545.427695627105
1063 370 445 419.44332334071873
1064 370 557 175.89827504918165
1065 370 568 606.4650258915954
1066 370 588 458.6112941023604
1067 371 699 263.2355644832236
1068 371 822 429.47885650858103
1069 371 899 279.0857302615254
1070 372 368 185.5184295606027
1071 372 472 213.10832347686383
1072 372 691 145.7412934000896
1073 372 746 252.86221854899463
1074 373 45 118.26302125365414
1075 373 413 365.28414865844877
1076 374 381 359.3826079440993
1077 374 667 395.89142160400127
1078 374 733 531.3287358142782
1079 376 203 445.8949592898487
1080 376 929 111.8425339854818
1081 377 128 354.2674378849952
1082 377 699 571.4270401928657
1083 378 717 587.465116283942
1084 379 137 387.4408854357713
1085 379 180 238.2818561257273
1086 379 266 309.3528216769028
1087 379 346 102.69513557194806
1088 379 361 227.06949711257667
1089 379 647 301.66598649094385
1090 379 780 495.1976478840425
1091 380 3 339.316575189711
1092 380 187 232.63274965066276
1093 380 731 386.05198429930067
1094 381 332 420.131870470491
1095 381 374 359.3826079440993
1096 381 399 336.9430432850091
1097 381 767 59.42559400936956
1098 381 781 105.29936919895643
1099 382 99 397.0218870858515
1100 382 593 215.7961988225628
1101 382 790 705.1023630092923
1102 382 803 639.1477271346612
1103 383 566 530.2274031792974
1104 383 687 299.1140530078367
1105 383 935 231.0598589692637
1106 384 362 297.0414276012151
1107 385 42 516.6094241746438
1108 385 610 358.4638415625481
1109 386 53 465.8904235231118
1110 386 677 334.4567044187151
1111 387 175 372.5393081973811
1112 387 602 422.41471577740424
1113 388 407 270.52773832608716
1114 388 600 295.7920463376225
1115 388 995 61.18632182861834
1116 389 752 363.94388620887696
1117 390 56 28.236127515647933
1118 390 80 312.01088434393216
1119 390 161 648.8356800324798
1120 390 354 374.7471105960965
1121 390 901 391.81754276175843
1122 390 922 16.381060275721183
1123 392 292 311.8140261254768
1124 392 483 89.80665110695375
1125 393 18 119.10247026239003
1126 393 491 245.1397606896869
1127 394 354 204.65460039630509
1128 394 582 504.1044279095263
1129 395 348 396.1760331511019
1130 395 679 566.1898446097741
1131 396 30 434.00922757089097
1132 396 129 463.05033942355817
1133 397 110 334.8414968249068
1134 397 364 446.35282394974695
1135 397 370 545.427695627105
1136 397 446 340.92979735524716
1137 399 381 336.9430432850091
1138 399 408 437.4980606781503
1139 399 773 561.5812267095127
1140 400 208 204.07072383126402
1141 400 241 94.33066501754182
1142 400 402 216.17324764259357
1143 400 716 309.04607759127526
1144 401 780 230.65430134959098
1145 402 5 523.3146145884616
1146 402 400 216.17324764259357
1147 402 853 325.3626930461055
1148 403 428 259.56153379425825
1149 403 872 263.30833669081665
1150 403 928 87.90533320683016
1151 404 162 391.3073536930594
1152 404 192 196.13763028917856
1153 405 907 327.45973033044646
1154 405 953 459.85812433758707
1155 406 841 210.55016382784328
1156 406 871 466.00609441312724
1157 407 388 270.52773832608716
1158 407 421 358.38669732518156
1159 407 426 410.8491861156351
1160 407 595 227.13539050300926
1161 408 399 437.4980606781503
1162 408 529 601.9146753733585
1163 409 329 121.41231613592903
1164 410 312 550.4610214660091
1165 410 333 442.19478430788615
1166 410 491 109.11693984087954
1167 410 561 262.5953859179421
1168 410 613 331.54461155989827
1169 410 947 411.1610630062773
1170 411 130 670.1042279162863
1171 411 912 529.7079429933933
1172 411 983 159.66923952569377
1173 412 130 169.8644962107114
1174 412 778 73.1265518389941
1175 412 810 690.5620430866735
1176 412 909 255.04392194433882
1177 413 212 201.6697171943826
1178 413 373 365.28414865844877
1179 413 525 363.00045527602487
1180 414 303 517.8968024044764
1181 415 78 151.86257330802704
1182 415 317 234.9513195393558
1183 415 970 109.32265471262504
1184 416 700 494.62503058110815
1185 417 105 289.2655624748655
1186 417 124 238.0638759903268
1187 417 939 124.99005114396842
1188 418 102 103.24597900662394
1189 419 251 209.37533582069258
1190 419 820 163.18020358085326
1191 419 949 357.76369900148194
1192 419 965 145.85805477777464
1193 420 238 399.95467835542695
1194 420 889 595.196780253943
1195 421 5 176.54724736778624
1196 421 40 481.54464180389243
1197 421 407 358.38669732518156
1198 421 494 202.5963413725704
1199 421 941 480.7641807791501
1200 422 32 73.92679969391936
1201 422 319 350.87962092063333
1202 422 645 282.58832229987405
1203 422 650 333.7353180239295
1204 422 667 359.70298754521264
1205 423 584 182.133758223224
1206 423 586 84.21715713251648
1207 424 32 188.79570219856322
1208 424 210 325.12765479969744
1209 424 926 95.83452313141909
1210 424 985 381.9361964339823
1211 425 125 336.96293582422044
1212 425 310 289.6416615165271
1213 425 487 463.94512234289164
1214 425 884 680.4728879579803
1215 426 288 331.5327135422888
1216 426 407 410.8491861156351
1217 426 548 320.1107251358512
1218 427 560 573.0250703942141
1219 427 614 288.09038702782135
1220 428 403 259.56153379425825
1221 428 683 295.1566212019176
1222 429 709 283.872945373371
1223 429 855 304.9446331748424
1224 430 124 515.3345068870794
1225 430 161 750.1163797953939
1226 430 674 551.952733761413
1227 430 690 659.3967262269292
1228 430 881 628.1042393751053
1229 430 928 188.4696353747988
1230 430 970 327.29608869907776
1231 431 2 413.0041837021645
1232 431 34 500.4681411131372
1233 431 322 463.1288064726388
1234 431 686 413.32396242697496
1235 433 352 486.47540350706134
1236 433 900 442.25742818710705
1237 434 568 522.2723766812982
1238 434 672 255.76755754329085
1239 434 871 311.153079831485
1240 435 684 351.8858779562492
1241 435 810 65.31501090413094
1242 437 98 116.00398405699485
1243 437 114 287.21196815946575
1244 437 119 133.50046572921596
1245 437 182 386.9655837736197
1246 437 304 119.54100765885724
1247 437 471 256.2459007914941
1248 437 902 89.55097385969796
1249 438 222 264.9329597932517
1250 438 792 300.2076756679647
1251 438 858 346.6799008467554
1252 439 23 564.2628060144826
1253 439 85 551.616587903864
1254 439 86 219.1197337944705
1255 439 885 454.32740249062283
1256 440 654 581.4273587783013
1257 441 16 60.57187264488074
1258 441 157 170.81205722390217
1259 441 356 300.0989915436528
1260 441 688 338.6442864205383
1261 441 998 443.03161882830557
1262 442 558 391.91406604976663
1263 442 601 241.0633414230283
1264 442 627 318.89209619428846
1265 442 915 46.11485919593854
1266 443 167 474.0294981796576
1267 443 618 163.0317433817789
1268 443 894 227.6555271594552
1269 444 188 342.1416950848207
1270 444 685 602.8955645932298
1271 444 917 188.84414794898314
1272 444 947 397.9724696678385
1273 445 42 178.85359118178232
1274 445 370 419.44332334071873
1275 446 147 436.11318509607366
1276 446 151 382.23322177688163
1277 446 397 340.92979735524716
1278 446 844 61.750031048289806
1279 447 70 605.0969013487629
1280 447 203 268.889735232084
1281 447 899 185.3374423519183
1282 447 936 374.9670443963883
1283 448 30 302.0073715853722
1284 448 818 305.32430731719387
1285 449 300 323.52209816805026
1286 450 602 565.9539243171996
1287 450 679 651.1235421249953
1288 450 979 367.9020820335991
1289 451 43 99.03467082979209
1290 451 70 305.27380604986143
1291 451 843 220.04239628327707
1292 452 171 118.75144703632431
1293 452 243 498.714541444806
1294 452 605 473.3096558088309
1295 453 217 577.5249079831107
1296 453 503 650.9658833529612
1297 454 773 502.6336500402202
1298 454 830 519.881170812382
1299 456 461 337.228746600392
1300 456 462 302.2328491416394
1301 456 738 161.72643634152112
1302 456 899 324.31101396844525
1303 457 459 565.7725967158328
1304 457 726 459.2279941666616
1305 457 750 531.878723434967
1306 458 28 326.9877517253652
1307 459 457 565.7725967158328
1308 459 882 699.0063501064914
1309 460 18 335.1120436642684
1310 460 579 271.6117636380346
1311 460 831 120.47692017677609
1312 461 63 294.73539671500544
1313 461 90 158.08497180264862
1314 461 204 390.2761458548942
1315 461 456 337.228746600392
1316 461 707 221.6405545015574
1317 461 773 321.0224720037048
1318 461 876 100.53996235859066
1319 462 177 766.9854500541088
1320 462 456 302.2328491416394
1321 463 491 481.180134761162
1322 463 676 626.9015387623563
1323 463 687 150.4369480916991
1324 463 764 131.00424727504975
1325 464 15 303.55606854897394
1326 465 223 612.9414741699159
