1 2 2395 139.6754902649351
2 15 244 445.2489447061294
3 15 2288 132.05582266186389
4 36 2121 208.3023361756198
5 38 8570 89.78219753682846
6 68 9430 490.3268895269344
7 100 9933 210.0760792118335
8 135 6346 360.2150082460804
9 139 3408 98.28918444606144
10 146 7095 146.18065301418227
11 147 3330 80.76758479209053
12 152 9740 211.4411623609475
13 160 2208 117.18943930003593
14 174 7693 679.997697457164
15 175 7677 67.34509857521836
16 177 3871 105.74036201255323
17 180 5731 548.9106367024626
18 189 6749 119.90083399951943
19 208 3090 171.27037468796712
20 221 4181 207.9784195293264
21 240 1856 659.3911437081056
22 242 8515 669.8693883065574
23 244 15 445.2489447061294
24 252 8912 716.7484104968534
25 276 8104 225.8317768657354
26 282 1397 129.09836891682215
27 296 585 264.03043406166114
28 308 7242 340.80487694835114
29 321 805 235.11908756014085
30 322 9726 447.664065652305
31 342 7186 188.4489826955573
32 356 6843 103.90212442249768
33 387 2226 510.9639934056313
34 392 6140 239.30699195230648
35 394 3097 172.18357944005868
36 394 3616 311.660648161495
37 395 9908 526.034750405236
38 407 7997 212.99385663720685
39 420 9330 253.36655899862137
40 424 948 232.92789786325636
41 424 1592 644.086018813315
42 429 5426 128.8192809569441
43 462 4082 76.80285904856173
44 486 4983 117.55384666048649
45 492 9252 467.7093136036496
46 507 8417 384.83748640885955
47 508 3904 581.6195312721522
48 512 7581 647.3179407002084
49 516 2887 424.0881217442249
50 527 4882 17.363887524071274
51 533 7666 548.384831992568
52 540 5307 79.99822798633129
53 567 8408 336.1820973805894
54 572 9094 382.6426274770947
55 574 5205 289.18842767164267
56 580 4933 456.2831741295363
57 584 9563 206.39624640150763
58 585 296 264.03043406166114
59 585 1761 194.7977332389249
60 589 4976 350.6989664725731
61 592 6394 233.88244104930357
62 594 4940 129.2224625213948
63 608 882 132.12342837318215
64 630 6457 159.13748236548486
65 653 6931 636.4378749492533
66 665 4101 71.36566737265626
67 667 8028 62.34939104375229
68 670 9505 568.8672165931125
69 687 8002 410.3765488122598
70 702 5850 98.67102194594311
71 707 4411 628.6594174008095
72 709 6961 57.48022746910195
73 711 8290 134.8086843788964
74 729 4363 121.93758398157976
75 729 9491 121.20736824650808
76 796 1934 518.7501010500604
77 796 2436 666.8797084328113
78 805 321 235.11908756014085
79 812 3866 277.7897992423878
80 820 2869 278.23300407228186
81 820 3265 159.94390478172653
82 820 7661 458.9406246381379
83 835 2646 483.06738146884976
84 841 7034 250.45633859682678
85 851 1644 723.3522424306678
86 866 1403 520.516983778027
87 872 4130 519.2794104049676
88 882 608 132.12342837318215
89 885 4712 207.24394427730678
90 889 1126 35.540366892525505
91 889 9548 13.743925028305659
92 892 4169 322.42954177286066
93 897 8078 292.8995514918848
94 902 6919 245.6675402151753
95 920 9243 675.036319341613
96 933 7228 555.3578018578701
97 935 6734 471.6399685766052
98 948 424 232.92789786325636
99 958 1779 97.14726784085485
100 964 5190 194.50573296586614
101 968 5766 139.45991890052264
102 981 1836 562.9703152225484
103 1016 9186 701.9509330979103
104 1036 3110 129.63566777939897
105 1039 3732 528.5140561466159
106 1042 1984 207.75728924020538
107 1058 8829 238.9886381453735
108 1063 4207 194.27010921862671
109 1078 4694 121.23867768652494
110 1079 9502 116.726842174415
111 1084 2955 379.89411378906726
112 1094 3086 112.02175829164358
113 1099 1918 69.8043081146822
114 1108 1217 51.812479361725906
115 1119 7278 493.45243851602606
116 1120 2550 103.03066008925184
117 1126 889 35.540366892525505
118 1145 5809 197.66750773137292
119 1166 9141 288.28348349789303
120 1170 4312 243.5451966638519
121 1189 2137 549.901043631499
122 1204 6835 66.54188450953521
123 1208 5119 149.57571982578037
124 1217 1108 51.812479361725906
125 1236 2115 106.8571569006193
126 1241 4021 341.485336018571
127 1247 3231 217.21301415181526
128 1272 4696 347.80327287188635
129 1292 6281 289.94948815100616
130 1298 4467 673.0227406096217
131 1302 2937 662.0113051791826
132 1307 3307 488.0464862829728
133 1309 1568 524.182788511964
134 1321 2830 129.65324989924648
135 1334 6175 22.84889572845413
136 1343 2971 440.8900053498217
137 1369 4321 435.88573840326166
138 1371 9239 666.9626878213764
139 1373 4899 45.76233379998526
140 1397 282 129.09836891682215
141 1398 7128 439.35508740278834
142 1401 4418 450.8251477507976
143 1403 866 520.516983778027
144 1404 2973 89.17501731511385
145 1417 5275 48.28360770796318
146 1417 7436 416.7449661654755
147 1419 5884 121.29668508572865
148 1428 2018 556.1561678919431
149 1428 7582 99.27272094485824
150 1436 4717 334.17099620510277
151 1445 3933 234.5366044547519
152 1448 4706 99.03285552490206
153 1451 6045 655.9305742700535
154 1452 4338 121.29088014973067
155 1456 4143 69.76773968765727
156 1475 4412 296.7234465116485
157 1485 7825 166.90439548354885
158 1491 4757 74.32295229601445
159 1492 2361 508.41798701804254
160 1495 3537 424.0935351327822
161 1507 2017 327.7971109128629
162 1511 6583 346.73465609965234
163 1520 9690 271.25918009898294
164 1541 2275 157.24100512056754
165 1541 2953 165.31339596160214
166 1542 5685 819.446270469552
167 1564 1947 178.98360731167583
168 1568 1309 524.182788511964
169 1589 6415 653.6835691719479
170 1592 424 644.086018813315
171 1593 9552 82.72882227167418
172 1607 9113 240.18748952011825
173 1626 3385 203.080306712198
174 1632 8275 815.61006159786
175 1644 851 723.3522424306678
176 1649 8452 382.0365720087226
177 1651 7276 181.0689748914169
178 1652 5578 39.05545688386974
179 1660 8869 194.26154869061065
180 1668 6096 191.6727491379759
181 1671 3536 452.32560240889376
182 1671 4367 43.46471869238219
183 1684 1719 121.57555378187216
184 1684 6723 333.8383691260461
185 1688 9436 74.08852882847435
186 1699 2087 692.2679295744425
187 1703 4616 341.2438643189593
188 1719 1684 121.57555378187216
189 1721 9949 624.5443994980711
190 1730 9038 447.2350812884139
191 1738 8926 44.24262142331331
192 1739 7591 99.69235232741995
193 1742 2758 630.9364194897465
194 1744 5275 62.40870644045449
195 1746 2960 329.1539761928715
196 1746 8033 121.00867745165755
197 1754 3636 26.058902114225848
198 1761 585 194.7977332389249
199 1779 958 97.14726784085485
200 1790 2238 124.74792159899073
201 1795 2802 132.54566913270426
202 1836 981 562.9703152225484
203 1838 8223 363.3624201789184
204 1856 240 659.3911437081056
205 1864 4908 285.20906496214
206 1867 6816 537.7387805898388
207 1869 8244 237.2260802234266
208 1883 8971 323.5186832045936
209 1889 5995 151.5299134779129
210 1889 7170 482.904446718202
211 1897 2969 147.62711440165958
212 1904 8038 272.573072881578
213 1906 5505 238.55208534555635
214 1907 2630 747.0486713641249
215 1918 1099 69.8043081146822
216 1934 796 518.7501010500604
217 1937 3836 326.6938780896388
218 1939 9850 400.51829298706997
219 1940 8395 427.1712535277809
220 1946 4329 496.4177163043255
221 1947 1564 178.98360731167583
222 1984 1042 207.75728924020538
223 2009 5606 362.6931476889857
224 2013 6240 49.400309197508605
225 2017 1507 327.7971109128629
226 2018 1428 556.1561678919431
227 2027 2202 189.09216269779438
228 2027 3818 325.0418968390193
229 2032 6114 103.98915948349405
230 2043 8082 272.00080400761505
231 2045 3366 562.9399645612327
232 2073 3943 129.17939765367754
233 2079 7636 282.32947628534083
234 2084 2365 49.89029804192073
235 2087 1699 692.2679295744425
236 2092 8170 249.35170321696398
237 2095 8423 558.3183816353588
238 2110 3385 341.7693256522311
239 2113 8921 96.87560249923688
240 2115 1236 106.8571569006193
241 2115 5200 109.9934617439255
242 2121 36 208.3023361756198
243 2123 7841 458.5077365046932
244 2123 9602 176.32968216705603
245 2133 9350 438.54441516219464
246 2137 1189 549.901043631499
247 2146 9979 174.65992314645047
248 2147 5098 246.98166898098043
249 2151 7427 704.3920533447706
250 2174 8473 483.7796337918311
251 2191 8352 91.65334297516165
252 2195 9246 507.6490381930012
253 2196 5760 294.12331582056186
254 2202 2027 189.09216269779438
255 2208 160 117.18943930003593
256 2209 5626 284.8344692297887
257 2212 2725 468.2279585355147
258 2216 5193 181.09349000531716
259 2226 387 510.9639934056313
260 2229 3198 37.20572667766561
261 2237 2269 367.67293866379947
262 2238 1790 124.74792159899073
263 2253 5748 365.10680874560273
264 2267 4965 113.04464684964813
265 2267 9947 60.97943541723653
266 2269 2237 367.67293866379947
267 2269 7315 81.3077558523644
268 2273 5377 64.40596799823865
269 2275 1541 157.24100512056754
270 2288 15 132.05582266186389
271 2305 3230 197.83933641218462
272 2305 4259 488.72044220718425
273 2323 8067 201.46429753190938
274 2329 5276 582.7803721276712
275 2331 3208 307.40179742274216
276 2338 3636 279.6589791731892
277 2340 2617 86.84032357694774
278 2353 4143 415.02154738732594
279 2361 1492 508.41798701804254
280 2365 2084 49.89029804192073
281 2378 4431 48.95947395809074
282 2395 2 139.6754902649351
283 2402 4300 317.3182331386478
284 2412 6247 44.28312442341746
285 2436 796 666.8797084328113
286 2442 9850 303.81839044990795
287 2444 6786 41.45145794618506
288 2452 4135 379.079546574094
289 2462 7002 716.3020721159359
290 2465 5625 363.32007990463455
291 2467 9831 42.72278254735797
292 2469 9577 853.3105706049635
293 2475 5853 344.1497402644375
294 2485 9508 165.92646450628052
295 2493 5041 657.3238644524109
296 2512 2988 323.22712996252824
297 2512 6918 80.80516381306664
298 2516 7625 208.9764170976625
299 2521 8623 40.68767945175816
300 2526 3662 424.51408898381425
301 2539 2746 596.439205201977
302 2550 1120 103.03066008925184
303 2557 3178 36.96774129205245
304 2559 7239 318.22450662623936
305 2565 3665 130.97235918311003
306 2568 6066 212.58766692171616
307 2572 4003 606.9672816173296
308 2576 3036 258.0851948092966
309 2576 9451 194.14742390234085
310 2596 6411 696.5664836753926
311 2617 2340 86.84032357694774
312 2622 2636 274.06775824764406
313 2629 4288 824.2307776226978
314 2630 1907 747.0486713641249
315 2636 2622 274.06775824764406
316 2640 7519 382.6200831654692
317 2645 7845 684.0683317685023
318 2646 835 483.06738146884976
319 2646 2763 160.41489650272672
320 2671 8339 118.05067859409486
321 2684 6755 399.9222031625695
322 2725 2212 468.2279585355147
323 2746 2539 596.439205201977
324 2755 8933 153.43490612883167
325 2758 1742 630.9364194897465
326 2763 2646 160.41489650272672
327 2792 7361 310.6502127586722
328 2799 4296 97.90986774944137
329 2802 1795 132.54566913270426
330 2810 3939 352.3737590808123
331 2823 9540 573.8039000431023
332 2826 3503 733.0165137256834
333 2830 1321 129.65324989924648
334 2849 2951 186.648245331775
335 2852 4345 131.54858134695007
336 2852 5741 370.98683359240437
337 2854 3385 59.43984738962148
338 2856 4156 91.16220027839393
339 2869 820 278.23300407228186
340 2870 6428 274.32324454374157
341 2876 8866 218.59747149040408
342 2879 6395 349.7071943896802
343 2887 516 424.0881217442249
344 2920 9591 253.28866519346295
345 2937 1302 662.0113051791826
346 2939 9806 385.8548602554719
347 2951 2849 186.648245331775
348 2953 1541 165.31339596160214
349 2955 1084 379.89411378906726
350 2960 1746 329.1539761928715
351 2969 1897 147.62711440165958
352 2970 3950 70.17807077148188
353 2971 1343 440.8900053498217
354 2973 1404 89.17501731511385
355 2987 6449 205.61918207045548
356 2988 2512 323.22712996252824
357 3017 4612 303.8202403358323
358 3023 6384 607.3056666470734
359 3024 3583 200.46338706865689
360 3036 2576 258.0851948092966
361 3062 5491 426.51652917915095
362 3086 1094 112.02175829164358
363 3087 4091 31.893256894383264
364 3088 8578 427.1432805846383
365 3090 208 171.27037468796712
366 3097 394 172.18357944005868
367 3098 4633 422.3421444816535
368 3105 7218 570.1596814551747
369 3110 1036 129.63566777939897
370 3115 8132 269.36121041618856
371 3121 3901 480.0034619545511
372 3145 8466 238.75804684012707
373 3178 2557 36.96774129205245
374 3197 5213 249.07194848829553
375 3198 2229 37.20572667766561
376 3200 6120 98.69966663214798
377 3201 6202 217.9501056461979
378 3208 2331 307.40179742274216
379 3218 4670 102.48490968543737
380 3221 6941 50.07499486947263
381 3230 2305 197.83933641218462
382 3231 1247 217.21301415181526
383 3231 6062 203.22800070873598
384 3232 3239 259.7928370025243
385 3232 9798 637.1498910548673
386 3239 3232 259.7928370025243
387 3265 820 159.94390478172653
388 3267 4984 419.5518544342219
389 3281 8387 700.6016928501048
390 3307 1307 488.0464862829728
391 3311 3318 33.98311344926922
392 3313 5639 578.889883885891
393 3317 4178 388.94252549712405
394 3318 3311 33.98311344926922
395 3330 147 80.76758479209053
396 3337 3598 261.43440099535655
397 3345 4753 436.7085265364311
398 3363 7718 444.81736532978493
399 3366 2045 562.9399645612327
400 3385 1626 203.080306712198
401 3385 2110 341.7693256522311
402 3385 2854 59.43984738962148
403 3385 5448 580.2345629828721
404 3393 6591 34.84622946669951
405 3398 9978 79.15665469400905
406 3407 6663 166.72670327114685
407 3408 139 98.28918444606144
408 3433 5587 511.8886379258851
409 3433 6353 210.05561812723005
410 3438 9751 431.8392289624894
411 3443 6611 687.9090848142154
412 3457 5659 340.41947213380985
413 3480 8043 72.89758277952733
414 3485 8519 421.64110902389024
415 3489 8879 96.41982359713441
416 3500 7444 173.84628966146488
417 3503 2826 733.0165137256834
418 3505 4160 377.40273042985547
419 3536 1671 452.32560240889376
420 3537 1495 424.0935351327822
421 3550 5491 373.2106897521835
422 3564 3944 784.5793187479107
423 3582 8223 145.31043078078724
424 3583 3024 200.46338706865689
425 3591 8858 662.3119121676435
426 3598 3337 261.43440099535655
427 3607 7723 324.48946365834655
428 3616 394 311.660648161495
429 3634 5061 293.46714637043425
430 3635 9930 236.40418031593683
431 3636 1754 26.058902114225848
432 3636 2338 279.6589791731892
433 3644 7317 389.79864584805904
434 3662 2526 424.51408898381425
435 3665 2565 130.97235918311003
436 3678 4766 519.0692550472256
437 3723 9221 425.2178729632546
438 3732 1039 528.5140561466159
439 3737 6761 578.5288200017013
440 3752 8394 258.1152872485169
441 3754 4093 44.79683990572318
442 3765 4707 451.8701867311493
443 3772 9214 3.929289007196919
444 3792 4413 467.38746662435346
445 3793 4281 98.31627165093646
446 3816 8245 195.83180800763986
447 3818 2027 325.0418968390193
448 3834 4456 102.46745041486007
449 3836 1937 326.6938780896388
450 3848 9384 254.31823334422208
451 3866 812 277.7897992423878
452 3871 177 105.74036201255323
453 3882 8906 532.8171744143733
454 3890 6358 486.20660394801837
455 3899 6411 688.1558536353214
456 3901 3121 480.0034619545511
457 3904 508 581.6195312721522
458 3907 5616 169.5791546235281
459 3933 1445 234.5366044547519
460 3939 2810 352.3737590808123
461 3943 2073 129.17939765367754
462 3944 3564 784.5793187479107
463 3950 2970 70.17807077148188
464 3955 7205 487.13556231618026
465 3960 6098 157.8082461558201
466 3971 6228 294.15142791620724
467 4003 2572 606.9672816173296
468 4010 6093 132.73656848133655
469 4021 1241 341.485336018571
470 4023 9873 219.10937001313482
471 4055 7113 548.4850915284389
472 4074 8171 104.14844334808866
473 4082 462 76.80285904856173
474 4091 3087 31.893256894383264
475 4093 3754 44.79683990572318
476 4097 5549 429.4001475143109
477 4101 665 71.36566737265626
478 4113 8595 314.53097987694093
479 4130 872 519.2794104049676
480 4135 2452 379.079546574094
481 4143 1456 69.76773968765727
482 4143 2353 415.02154738732594
483 4148 5432 164.9929439388814
484 4149 6603 89.83493041647971
485 4156 2856 91.16220027839393
486 4157 9171 199.34551063493493
487 4158 6040 71.51761877290723
488 4160 3505 377.40273042985547
489 4169 892 322.42954177286066
490 4173 8269 630.4942206499737
491 4178 3317 388.94252549712405
492 4181 221 207.9784195293264
493 4185 9254 343.8170049759393
494 4207 1063 194.27010921862671
495 4247 7587 500.31193756489176
496 4258 4685 154.73942257328537
497 4259 2305 488.72044220718425
498 4270 8629 724.4416405045438
499 4281 3793 98.31627165093646
500 4288 2629 824.2307776226978
501 4296 2799 97.90986774944137
502 4300 2402 317.3182331386478
503 4312 1170 243.5451966638519
504 4314 7230 508.3507287019569
505 4317 4825 346.06790401532464
506 4321 1369 435.88573840326166
507 4329 1946 496.4177163043255
508 4336 4545 138.29661108270804
509 4338 1452 121.29088014973067
510 4345 2852 131.54858134695007
511 4363 729 121.93758398157976
512 4367 1671 43.46471869238219
513 4375 7659 310.60420496046703
514 4383 8083 557.658863468325
515 4411 707 628.6594174008095
516 4412 1475 296.7234465116485
517 4413 3792 467.38746662435346
518 4414 5118 335.3679345510801
519 4418 1401 450.8251477507976
520 4423 5309 779.8926449853399
521 4431 2378 48.95947395809074
522 4431 4630 278.77975707326505
523 4444 6798 413.6970403030013
524 4446 5973 286.1250055366801
525 4448 7229 711.3200263624196
526 4450 4681 709.821490999544
527 4456 3834 102.46745041486007
528 4467 1298 673.0227406096217
529 4480 8511 165.19145034872108
530 4508 6726 636.0040508206941
531 4513 9598 239.93918686823002
532 4545 4336 138.29661108270804
533 4570 5800 176.27377413971163
534 4583 5991 229.2636980964821
535 4612 3017 303.8202403358323
536 4616 1703 341.2438643189593
537 4630 4431 278.77975707326505
538 4633 3098 422.3421444816535
539 4643 8061 304.608160821677
540 4666 7916 385.44497401531413
541 4670 3218 102.48490968543737
542 4681 4450 709.821490999544
543 4685 4258 154.73942257328537
544 4694 1078 121.23867768652494
545 4696 1272 347.80327287188635
546 4706 1448 99.03285552490206
547 4707 3765 451.8701867311493
548 4712 885 207.24394427730678
549 4717 1436 334.17099620510277
550 4729 6770 223.8301821724066
551 4749 9361 446.8522486150488
552 4753 3345 436.7085265364311
553 4756 4939 129.4820296003385
554 4757 1491 74.32295229601445
555 4766 3678 519.0692550472256
556 4769 7838 498.40329899786923
557 4825 4317 346.06790401532464
558 4856 8689 30.67670362978448
559 4859 8809 387.73352072901963
560 4882 527 17.363887524071274
561 4885 9930 44.006276181411685
562 4891 5756 174.7322255872323
563 4891 6577 341.14218180484727
564 4892 6119 128.67072170408616
565 4893 5289 763.7700440185578
566 4893 7241 578.0823868312237
567 4899 1373 45.76233379998526
568 4908 1864 285.20906496214
569 4927 7744 272.47330000135315
570 4933 580 456.2831741295363
571 4935 8965 81.95245895676295
572 4939 4756 129.4820296003385
573 4940 594 129.2224625213948
574 4941 9935 525.4033803468479
575 4965 2267 113.04464684964813
576 4976 589 350.6989664725731
577 4983 486 117.55384666048649
578 4984 3267 419.5518544342219
579 5041 2493 657.3238644524109
580 5054 5455 571.371433738091
581 5061 3634 293.46714637043425
582 5082 8937 27.781464408503616
583 5094 8851 674.934375143397
584 5095 6673 829.7221112360811
585 5098 2147 246.98166898098043
586 5101 5823 94.29164343822293
587 5102 9609 19.27471129887446
588 5118 4414 335.3679345510801
589 5119 1208 149.57571982578037
590 5121 7923 465.21732079754986
591 5121 8975 203.72049920006685
592 5165 7616 441.60732296586133
593 5190 964 194.50573296586614
594 5193 2216 181.09349000531716
595 5200 2115 109.9934617439255
596 5205 574 289.18842767164267
597 5213 3197 249.07194848829553
598 5216 6549 852.9871744917334
599 5275 1417 48.28360770796318
600 5275 1744 62.40870644045449
601 5276 2329 582.7803721276712
602 5289 4893 763.7700440185578
603 5300 5307 289.6331653176006
604 5306 5393 169.15867675639512
605 5307 540 79.99822798633129
606 5307 5300 289.6331653176006
607 5309 4423 779.8926449853399
608 5349 5577 121.90224959144015
609 5353 6566 385.5479676337578
610 5359 6222 798.5844582245579
611 5360 6878 283.60452240201124
612 5377 2273 64.40596799823865
613 5393 5306 169.15867675639512
614 5401 8623 171.94433924569418
615 5425 6184 247.68299039510447
616 5426 429 128.8192809569441
617 5429 7792 542.4818810310667
618 5432 4148 164.9929439388814
619 5448 3385 580.2345629828721
620 5455 5054 571.371433738091
621 5457 7392 548.2720265174723
622 5489 5942 397.000124335617
623 5490 6956 173.0930910411024
624 5491 3062 426.51652917915095
625 5491 3550 373.2106897521835
626 5505 1906 238.55208534555635
627 5540 8203 139.59455697015957
628 5549 4097 429.4001475143109
629 5577 5349 121.90224959144015
630 5578 1652 39.05545688386974
631 5587 3433 511.8886379258851
632 5595 9595 66.59778311088
633 5602 7174 264.00733650671
634 5606 2009 362.6931476889857
635 5607 6548 260.9079360994786
636 5616 3907 169.5791546235281
637 5625 2465 363.32007990463455
638 5626 2209 284.8344692297887
639 5638 7516 129.7212652575423
640 5639 3313 578.889883885891
641 5651 8845 97.50622149874013
642 5659 3457 340.41947213380985
643 5685 1542 819.446270469552
644 5726 9969 31.58578135513346
645 5731 180 548.9106367024626
646 5741 2852 370.98683359240437
647 5748 2253 365.10680874560273
648 5756 4891 174.7322255872323
649 5757 8431 511.096150287031
650 5760 2196 294.12331582056186
651 5766 968 139.45991890052264
652 5781 6548 69.03328029017757
653 5790 9377 186.77085424500638
654 5800 4570 176.27377413971163
655 5809 1145 197.66750773137292
656 5823 5101 94.29164343822293
657 5826 9584 350.427465476615
658 5850 702 98.67102194594311
659 5853 2475 344.1497402644375
660 5880 8726 165.57044777534472
661 5884 1419 121.29668508572865
662 5889 6976 208.93161835999766
663 5928 7695 246.02877303634787
664 5942 5489 397.000124335617
665 5967 7886 507.0342804701016
666 5973 4446 286.1250055366801
667 5991 4583 229.2636980964821
668 5995 1889 151.5299134779129
669 6040 4158 71.51761877290723
670 6045 1451 655.9305742700535
671 6062 3231 203.22800070873598
672 6066 2568 212.58766692171616
673 6093 4010 132.73656848133655
674 6096 1668 191.6727491379759
675 6098 3960 157.8082461558201
676 6114 2032 103.98915948349405
677 6119 4892 128.67072170408616
678 6120 3200 98.69966663214798
679 6140 392 239.30699195230648
680 6154 6894 232.8673190011063
681 6175 1334 22.84889572845413
682 6184 5425 247.68299039510447
683 6192 9631 27.519494767539445
684 6202 3201 217.9501056461979
685 6203 6611 415.6032982277781
686 6212 8735 491.63919374498596
687 6218 8134 792.8956232531536
688 6219 7980 70.52683369558447
689 6222 5359 798.5844582245579
690 6228 3971 294.15142791620724
691 6235 7602 109.40098747752177
692 6236 9310 314.5908590544336
693 6240 2013 49.400309197508605
694 6243 8866 190.9183671590358
695 6247 2412 44.28312442341746
696 6281 1292 289.94948815100616
697 6346 135 360.2150082460804
698 6353 3433 210.05561812723005
699 6358 3890 486.20660394801837
700 6370 8913 466.442912597079
701 6384 3023 607.3056666470734
702 6394 592 233.88244104930357
703 6395 2879 349.7071943896802
704 6411 2596 696.5664836753926
705 6411 3899 688.1558536353214
706 6415 1589 653.6835691719479
707 6428 2870 274.32324454374157
708 6449 2987 205.61918207045548
709 6457 630 159.13748236548486
710 6474 6825 57.635744513164155
711 6548 5607 260.9079360994786
712 6548 5781 69.03328029017757
713 6549 5216 852.9871744917334
714 6562 9302 440.2522130451067
715 6566 5353 385.5479676337578
716 6575 7880 379.67868413991016
717 6575 9768 105.86905263594998
718 6577 4891 341.14218180484727
719 6583 1511 346.73465609965234
720 6591 3393 34.84622946669951
721 6603 4149 89.83493041647971
722 6611 3443 687.9090848142154
723 6611 6203 415.6032982277781
724 6621 7480 374.50088279378167
725 6663 3407 166.72670327114685
726 6673 5095 829.7221112360811
727 6687 8122 612.9324485346509
728 6689 9355 487.5329630476964
729 6716 7381 228.62399493676824
730 6723 1684 333.8383691260461
731 6726 4508 636.0040508206941
732 6734 935 471.6399685766052
733 6749 189 119.90083399951943
734 6755 2684 399.9222031625695
735 6761 3737 578.5288200017013
736 6765 7291 587.9221961367939
737 6770 4729 223.8301821724066
738 6770 6803 108.09868879206259
739 6772 8774 591.6775138181281
740 6786 2444 41.45145794618506
741 6791 7022 303.046082341857
742 6798 4444 413.6970403030013
743 6803 6770 108.09868879206259
744 6816 1867 537.7387805898388
745 6825 6474 57.635744513164155
746 6835 1204 66.54188450953521
747 6843 356 103.90212442249768
748 6873 9995 108.3976673466069
749 6878 5360 283.60452240201124
750 6891 8603 394.1434478829818
751 6893 7732 19.639849015809123
752 6894 6154 232.8673190011063
753 6913 9411 403.79203521199844
754 6918 2512 80.80516381306664
755 6919 902 245.6675402151753
756 6931 653 636.4378749492533
757 6935 8560 424.7479241560296
758 6941 3221 50.07499486947263
759 6947 9644 119.50633594314228
760 6953 9915 514.4614809648439
761 6956 5490 173.0930910411024
762 6961 709 57.48022746910195
763 6976 5889 208.93161835999766
764 6989 7337 242.60363190920745
765 7002 2462 716.3020721159359
766 7014 7131 117.099673369178
767 7019 9612 113.06352069410607
768 7022 6791 303.046082341857
769 7034 841 250.45633859682678
770 7038 7856 264.7880632320674
771 7074 8493 722.6587195158135
772 7083 8152 541.0870955253014
773 7095 146 146.18065301418227
774 7113 4055 548.4850915284389
775 7128 1398 439.35508740278834
776 7131 7014 117.099673369178
777 7132 9418 465.5220338785012
778 7142 7288 105.85605538747946
779 7158 8782 123.71297231387925
780 7170 1889 482.904446718202
781 7174 5602 264.00733650671
782 7186 342 188.4489826955573
783 7197 7845 472.85813100129917
784 7198 9931 240.08552114795347
785 7205 3955 487.13556231618026
786 7218 3105 570.1596814551747
787 7228 933 555.3578018578701
788 7229 4448 711.3200263624196
789 7230 4314 508.3507287019569
790 7239 2559 318.22450662623936
791 7241 4893 578.0823868312237
792 7242 308 340.80487694835114
793 7249 8842 741.450814205428
794 7276 1651 181.0689748914169
795 7278 1119 493.45243851602606
796 7280 7650 531.5855698864651
797 7288 7142 105.85605538747946
798 7291 6765 587.9221961367939
799 7315 2269 81.3077558523644
800 7317 3644 389.79864584805904
801 7337 6989 242.60363190920745
802 7341 7459 21.023429928283626
803 7361 2792 310.6502127586722
804 7381 6716 228.62399493676824
805 7392 5457 548.2720265174723
806 7427 2151 704.3920533447706
807 7436 1417 416.7449661654755
808 7444 3500 173.84628966146488
809 7445 8293 171.80506459957965
810 7459 7341 21.023429928283626
811 7480 6621 374.50088279378167
812 7501 9383 296.05012452376326
813 7506 9787 97.63200358685191
814 7516 5638 129.7212652575423
815 7519 2640 382.6200831654692
816 7554 9461 343.1055234755661
817 7569 9926 54.8619927217365
818 7574 8739 77.39164901944852
819 7581 512 647.3179407002084
820 7582 1428 99.27272094485824
821 7587 4247 500.31193756489176
822 7591 1739 99.69235232741995
823 7602 6235 109.40098747752177
824 7616 5165 441.60732296586133
825 7625 2516 208.9764170976625
826 7626 7642 732.9941546625123
827 7636 2079 282.32947628534083
828 7642 7626 732.9941546625123
829 7650 7280 531.5855698864651
830 7659 4375 310.60420496046703
831 7661 820 458.9406246381379
832 7666 533 548.384831992568
833 7677 175 67.34509857521836
834 7693 174 679.997697457164
835 7695 5928 246.02877303634787
836 7699 8911 174.88755777760142
837 7718 3363 444.81736532978493
838 7723 3607 324.48946365834655
839 7732 6893 19.639849015809123
840 7735 9431 751.1176861798418
841 7741 9723 130.1673670369234
842 7744 4927 272.47330000135315
843 7792 5429 542.4818810310667
844 7825 1485 166.90439548354885
845 7831 9582 423.9930157247401
846 7838 4769 498.40329899786923
847 7841 2123 458.5077365046932
848 7845 2645 684.0683317685023
849 7845 7197 472.85813100129917
850 7856 7038 264.7880632320674
851 7871 9581 28.767816521588603
852 7880 6575 379.67868413991016
853 7886 5967 507.0342804701016
854 7887 8963 272.5161729186933
855 7891 8927 200.59776122129503
856 7916 4666 385.44497401531413
857 7923 5121 465.21732079754986
858 7936 8566 506.08830787475506
859 7980 6219 70.52683369558447
860 7997 407 212.99385663720685
861 8002 687 410.3765488122598
862 8028 667 62.34939104375229
863 8033 1746 121.00867745165755
864 8038 1904 272.573072881578
865 8043 3480 72.89758277952733
866 8061 4643 304.608160821677
867 8067 2323 201.46429753190938
868 8078 897 292.8995514918848
869 8082 2043 272.00080400761505
870 8083 4383 557.658863468325
871 8104 276 225.8317768657354
872 8122 6687 612.9324485346509
873 8132 3115 269.36121041618856
874 8134 6218 792.8956232531536
875 8152 7083 541.0870955253014
876 8170 2092 249.35170321696398
877 8171 4074 104.14844334808866
878 8203 5540 139.59455697015957
879 8223 1838 363.3624201789184
880 8223 3582 145.31043078078724
881 8231 9188 110.78290863625436
882 8244 1869 237.2260802234266
883 8245 3816 195.83180800763986
884 8269 4173 630.4942206499737
885 8275 1632 815.61006159786
886 8290 711 134.8086843788964
887 8293 7445 171.80506459957965
888 8339 2671 118.05067859409486
889 8352 2191 91.65334297516165
890 8387 3281 700.6016928501048
891 8394 3752 258.1152872485169
892 8395 1940 427.1712535277809
893 8405 8491 260.63022278218926
894 8408 567 336.1820973805894
895 8417 507 384.83748640885955
896 8423 2095 558.3183816353588
897 8428 9847 69.21285745182115
898 8431 5757 511.096150287031
899 8452 1649 382.0365720087226
900 8466 3145 238.75804684012707
901 8473 2174 483.7796337918311
902 8484 9709 391.51667384807547
903 8491 8405 260.63022278218926
904 8493 7074 722.6587195158135
905 8511 4480 165.19145034872108
906 8515 242 669.8693883065574
907 8519 3485 421.64110902389024
908 8560 6935 424.7479241560296
909 8566 7936 506.08830787475506
910 8570 38 89.78219753682846
911 8577 9000 91.82318271119429
912 8578 3088 427.1432805846383
913 8595 4113 314.53097987694093
914 8600 9864 422.97618429227646
915 8603 6891 394.1434478829818
916 8623 2521 40.68767945175816
917 8623 5401 171.94433924569418
918 8629 4270 724.4416405045438
919 8689 4856 30.67670362978448
920 8714 9708 751.227446856819
921 8726 5880 165.57044777534472
922 8735 6212 491.63919374498596
923 8739 7574 77.39164901944852
924 8774 6772 591.6775138181281
925 8782 7158 123.71297231387925
926 8807 9007 143.15987434847747
927 8809 4859 387.73352072901963
928 8828 8840 733.0011897403556
929 8829 1058 238.9886381453735
930 8840 8828 733.0011897403556
931 8842 7249 741.450814205428
932 8845 5651 97.50622149874013
933 8851 5094 674.934375143397
934 8858 3591 662.3119121676435
935 8866 2876 218.59747149040408
936 8866 6243 190.9183671590358
937 8866 9464 110.24537533707134
938 8869 1660 194.26154869061065
939 8879 3489 96.41982359713441
940 8906 3882 532.8171744143733
941 8911 7699 174.88755777760142
942 8912 252 716.7484104968534
943 8913 6370 466.442912597079
944 8921 2113 96.87560249923688
945 8923 8983 218.4835985780417
946 8926 1738 44.24262142331331
947 8927 7891 200.59776122129503
948 8933 2755 153.43490612883167
949 8937 5082 27.781464408503616
950 8963 7887 272.5161729186933
951 8965 4935 81.95245895676295
952 8971 1883 323.5186832045936
953 8975 5121 203.72049920006685
954 8983 8923 218.4835985780417
955 9000 8577 91.82318271119429
956 9007 8807 143.15987434847747
957 9011 9782 300.9639356941147
958 9038 1730 447.2350812884139
959 9094 572 382.6426274770947
960 9113 1607 240.18748952011825
961 9115 9378 394.32311065123196
962 9141 1166 288.28348349789303
963 9171 4157 199.34551063493493
964 9186 1016 701.9509330979103
965 9188 8231 110.78290863625436
966 9205 9702 11.176126620430841
967 9214 3772 3.929289007196919
968 9221 3723 425.2178729632546
969 9239 1371 666.9626878213764
970 9243 920 675.036319341613
971 9246 2195 507.6490381930012
972 9252 492 467.7093136036496
973 9254 4185 343.8170049759393
974 9302 6562 440.2522130451067
975 9310 6236 314.5908590544336
976 9317 9702 70.18211173769978
977 9330 420 253.36655899862137
978 9350 2133 438.54441516219464
979 9355 6689 487.5329630476964
980 9361 4749 446.8522486150488
981 9377 5790 186.77085424500638
982 9378 9115 394.32311065123196
983 9383 7501 296.05012452376326
984 9384 3848 254.31823334422208
985 9411 6913 403.79203521199844
986 9418 7132 465.5220338785012
987 9430 68 490.3268895269344
988 9431 7735 751.1176861798418
989 9436 1688 74.08852882847435
990 9451 2576 194.14742390234085
991 9461 7554 343.1055234755661
992 9464 8866 110.24537533707134
993 9491 729 121.20736824650808
994 9502 1079 116.726842174415
995 9505 670 568.8672165931125
996 9508 2485 165.92646450628052
997 9540 2823 573.8039000431023
998 9548 889 13.743925028305659
999 9552 1593 82.72882227167418
1000 9563 584 206.39624640150763
1001 9577 2469 853.3105706049635
1002 9581 7871 28.767816521588603
1003 9582 7831 423.9930157247401
1004 9584 5826 350.427465476615
1005 9591 2920 253.28866519346295
1006 9595 5595 66.59778311088
1007 9598 4513 239.93918686823002
1008 9602 2123 176.32968216705603
1009 9609 5102 19.27471129887446
1010 9612 7019 113.06352069410607
1011 9619 9930 419.1907781091219
1012 9631 6192 27.519494767539445
1013 9644 6947 119.50633594314228
1014 9690 1520 271.25918009898294
1015 9702 9205 11.176126620430841
1016 9702 9317 70.18211173769978
1017 9708 8714 751.227446856819
1018 9709 8484 391.51667384807547
1019 9723 7741 130.1673670369234
1020 9726 322 447.664065652305
1021 9740 152 211.4411623609475
1022 9751 3438 431.8392289624894
1023 9768 6575 105.86905263594998
1024 9782 9011 300.9639356941147
1025 9787 7506 97.63200358685191
1026 9793 9945 86.27465643536695
1027 9798 3232 637.1498910548673
1028 9806 2939 385.8548602554719
1029 9831 2467 42.72278254735797
1030 9847 8428 69.21285745182115
1031 9850 1939 400.51829298706997
1032 9850 2442 303.81839044990795
1033 9864 8600 422.97618429227646
1034 9873 4023 219.10937001313482
1035 9908 395 526.034750405236
1036 9915 6953 514.4614809648439
1037 9926 7569 54.8619927217365
1038 9930 3635 236.40418031593683
1039 9930 4885 44.006276181411685
1040 9930 9619 419.1907781091219
1041 9931 7198 240.08552114795347
1042 9933 100 210.0760792118335
1043 9935 4941 525.4033803468479
1044 9945 9793 86.27465643536695
1045 9947 2267 60.97943541723653
1046 9949 1721 624.5443994980711
1047 9969 5726 31.58578135513346
1048 9978 3398 79.15665469400905
1049 9979 2146 174.65992314645047
1050 9995 6873 108.3976673466069
