1 0 1 475.14547864435644
1 0 2 535.3965836456188
1 0 3 53.855311772396334
1 0 4 396.4904546917925
1 0 7 524.1086880936734
1 1 0 475.14547864435644
1 1 9 122.91975621558964
1 2 0 535.3965836456188
1 2 5 162.65392637665985
1 2 8 138.33221044385863
1 3 0 53.855311772396334
1 3 4 448.6105898302161
1 3 6 73.62008577101766
1 4 0 396.4904546917925
1 4 3 448.6105898302161
1 4 6 375.27919635094923
1 4 7 188.9972916004365
1 5 2 162.65392637665985
1 5 6 372.50858434276915
1 5 8 28.45593449210734
1 5 9 175.2427850770301
1 6 3 73.62008577101766
1 6 4 375.27919635094923
1 6 5 372.50858434276915
1 7 0 524.1086880936734
1 7 4 188.9972916004365
1 7 8 131.89780451669668
1 8 2 138.33221044385863
1 8 5 28.45593449210734
1 8 7 131.89780451669668
1 9 1 122.91975621558964
1 9 5 175.2427850770301
