1 0 44 56.241300433287385
2 0 235 241.94012810826987
3 0 362 266.8861410294108
4 1 935 154.8410337278012
5 3 146 103.21391566664741
6 4 663 226.70484032705534
7 5 382 68.61693821542897
8 5 455 253.65782222366553
9 5 822 101.61758318553689
10 7 694 165.63047422988544
11 10 589 98.71916711573783
12 10 885 128.92301387569208
13 11 42 122.46878127811344
14 11 284 321.073287492686
15 12 411 406.4588066797292
16 12 660 369.0485191052603
17 12 936 269.9237441175334
18 13 555 321.3254771061636
19 14 390 143.77257527266346
20 15 331 295.7348213593677
21 16 519 375.182823300267
22 16 540 128.08408678351887
23 17 280 100.60471181937787
24 17 505 190.65065944332923
25 20 837 174.31956634852054
26 21 921 63.65756274377314
27 21 951 420.0654624491221
28 22 160 127.19111590433263
29 22 270 237.91067300459645
30 22 779 171.19366365386566
31 22 938 361.0734551506091
32 24 453 311.9329399943375
33 24 939 597.4681305923111
34 26 783 416.8618025202656
35 28 66 202.98440200568174
36 28 205 205.78852758052375
37 28 431 311.13762715519863
38 30 181 48.87148441065882
39 30 646 190.16147908655657
40 30 958 227.40968014596766
41 31 217 216.60068276518373
42 31 684 272.3803321468249
43 32 456 185.702526696914
44 33 258 14.183893659811186
45 33 602 230.63817900321283
46 34 301 460.233522306794
47 35 377 338.9881131399834
48 35 447 481.5538337487835
49 36 664 227.5332512963207
50 36 780 223.27106519420286
51 37 166 79.90003393168271
52 38 168 217.91408590703787
53 38 170 179.7533402504426
54 38 396 144.21241194406738
55 38 811 358.6321475160019
56 39 174 64.19822944359983
57 39 630 273.35187850890736
58 40 966 125.44564383304474
59 41 194 235.77507514581038
60 42 11 122.46878127811344
61 42 127 204.24536281291947
62 42 221 246.44830665707556
63 42 839 225.7057054081164
64 43 588 314.1368676595744
65 43 762 200.8869699226927
66 43 875 65.85393322048428
67 44 0 56.241300433287385
68 44 72 83.2215537864958
69 44 467 176.37348797373826
70 44 851 64.91148323883559
71 45 342 256.45093878264316
72 48 949 171.49902456090848
73 50 107 141.3211855733419
74 50 452 312.48634111037256
75 50 666 94.11203188539749
76 50 963 196.3303621474342
77 51 543 237.32013392832764
78 51 759 420.4943777923491
79 52 342 120.50537917100438
80 52 936 155.79505246605393
81 53 344 385.2813579620379
82 54 266 46.65946833649986
83 54 408 187.40715714741387
84 54 428 99.17791252793063
85 54 860 344.7975078441703
86 55 348 359.89809913036197
87 55 713 395.2090902483765
88 55 874 446.6817718632411
89 57 333 190.88476854609917
90 57 535 216.98165231652834
91 57 661 603.2965126324435
92 57 769 194.3957767787488
93 58 775 152.17557579959492
94 59 400 414.6693517681336
95 59 722 302.08565522847164
96 59 925 259.2620355579425
97 61 380 91.94166161256953
98 62 318 363.69601838135264
99 62 552 413.2590263670629
100 63 190 353.8238742084104
101 63 968 405.9282090082963
102 65 247 395.64880126665383
103 65 306 166.60700150255255
104 65 922 182.17230450296418
105 66 28 202.98440200568174
106 67 531 233.1914200989977
107 67 844 294.821747652761
108 70 714 99.44558638483699
109 71 393 64.2754193225485
110 71 407 419.3139921197615
111 71 741 349.8449676497623
112 72 44 83.2215537864958
113 73 736 157.72535149077171
114 73 851 14.14398595842335
115 73 917 234.29307792958363
116 75 421 264.6922258018163
117 76 215 207.66688795635903
118 76 469 208.34509450148948
119 79 533 65.8796559997185
120 79 830 81.71528563211484
121 80 667 42.6504098040764
122 81 270 461.25954435756944
123 81 287 369.95454512680755
124 84 119 532.033925526667
125 84 243 192.4923290557345
126 84 507 224.4214428983198
127 84 857 21.96694520962474
128 84 977 573.4993896792338
129 85 95 443.188733267123
130 85 171 282.71851940331766
131 85 611 434.62484603033215
132 85 652 154.5090791853693
133 85 718 395.7840098206438
134 86 272 264.14830880731716
135 87 532 306.8317826612138
136 87 705 339.8894560448467
137 88 282 167.24015251198585
138 88 575 308.00815829169414
139 89 209 262.7131950533791
140 89 995 399.66705945232104
141 90 370 322.675968491967
142 90 657 163.39211423473745
143 92 96 32.78773703861303
144 92 223 113.05482753734023
145 93 340 110.20818455998518
146 94 232 305.409587542122
147 95 85 443.188733267123
148 95 362 473.14160565539214
149 96 92 32.78773703861303
150 98 110 397.3472684395348
151 98 904 306.1094141485856
152 100 162 247.66510326059063
153 100 777 77.4982553641454
154 102 662 546.0013481083456
155 106 835 79.1969464169633
156 107 50 141.3211855733419
157 107 167 31.094390942768165
158 107 568 80.2912528230513
159 107 641 198.5543060343896
160 107 816 282.93849483690684
161 110 98 397.3472684395348
162 110 898 238.12258839855497
163 111 130 507.247081897059
164 111 934 157.02633579774496
165 113 350 179.67650257937933
166 114 898 206.95842849502634
167 115 482 544.1900843428232
168 115 830 380.63296698359534
169 116 589 481.3762467641789
170 117 285 431.7044170398201
171 117 505 386.3303932644185
172 118 147 416.3613221398795
173 118 184 232.8721251286749
174 118 837 237.09123584569562
175 119 84 532.033925526667
176 119 204 140.17137370245635
177 119 707 107.32282655347966
178 119 984 413.7307674817046
179 119 991 312.3986414132936
180 119 997 53.18988655633072
181 120 169 160.82962342926865
182 120 404 276.17166366201326
183 120 827 232.8761071764859
184 121 486 75.74843822553169
185 122 435 187.39429473916698
186 123 268 188.00493010754332
187 123 692 199.35368952840912
188 124 154 273.68698965195256
189 124 563 54.42010537845556
190 124 708 444.5032061702551
191 125 850 195.72046372300755
192 127 42 204.24536281291947
193 130 111 507.247081897059
194 130 472 196.85191848483802
195 132 858 153.38024202208103
196 133 416 156.19322801863296
197 134 154 164.6096501073941
198 134 780 102.81573477093715
199 134 910 108.16168677083175
200 137 621 404.4469173010565
201 137 866 408.6977495128047
202 140 622 35.86004666116285
203 141 175 223.4130907932992
204 141 369 196.15365534592323
205 142 447 122.19673287522038
206 144 242 291.81757823676656
207 144 824 150.84695175323225
208 144 897 183.6609207147252
209 145 196 34.179865611227406
210 145 878 237.5025417657774
211 145 952 237.34423403230096
212 146 3 103.21391566664741
213 147 118 416.3613221398795
214 147 466 236.41195903020318
215 147 751 355.74876120062436
216 147 756 406.6208657022229
217 149 794 519.2504889030421
218 152 524 77.44881673437129
219 154 124 273.68698965195256
220 154 134 164.6096501073941
221 154 606 105.06000206670085
222 155 611 321.2723183282431
223 155 662 425.7497328681457
224 155 929 136.8585433593292
225 156 334 53.404149999862206
226 156 903 185.92970924490044
227 158 360 161.60568570687454
228 158 894 100.92449243635473
229 159 308 158.48709184455515
230 160 22 127.19111590433263
231 160 190 187.09902927249428
232 160 702 53.588011400134754
233 160 788 166.23369653392123
234 161 609 107.11565359867184
235 161 614 243.837512524651
236 162 100 247.66510326059063
237 162 301 378.948110687953
238 162 557 273.6851128253504
239 162 592 78.17882460542168
240 163 836 143.960526637476
241 163 837 295.4515392529678
242 164 488 425.68759330719433
243 164 579 170.23770174630633
244 165 386 372.134911596684
245 165 838 195.0537864063684
246 166 37 79.90003393168271
247 166 540 81.04208257395489
248 166 681 228.32605803099233
249 167 107 31.094390942768165
250 167 732 143.65243487280327
251 168 38 217.91408590703787
252 168 590 47.58937089221608
253 169 120 160.82962342926865
254 169 473 149.63620387154543
255 170 38 179.7533402504426
256 170 427 306.2900174238915
257 171 85 282.71851940331766
258 171 785 152.90039477618657
259 172 828 202.0127793292663
260 173 383 194.258876521319
261 174 39 64.19822944359983
262 174 198 175.94832545627372
263 174 420 164.75842352478867
264 174 976 41.476932006503695
265 175 141 223.4130907932992
266 175 530 290.922792114046
267 175 973 141.23684670145298
268 176 651 77.0126632246857
269 177 607 370.19141465385513
270 177 676 468.0739524750663
271 178 337 238.20084561465546
272 178 870 491.46630965579016
273 179 437 296.7846513689521
274 179 532 204.64460597025828
275 180 700 181.1947061614953
276 181 30 48.87148441065882
277 181 614 334.90256089775636
278 181 666 73.2207270008867
279 181 715 338.81904202393235
280 182 452 56.480568433331484
281 182 714 208.42182347927857
282 182 715 59.14041415073407
283 182 734 187.64342448139712
284 184 118 232.8721251286749
285 184 235 287.9096408758729
286 186 544 464.10052175231766
287 186 687 340.82116717388834
288 187 454 143.13086474645783
289 187 898 95.37592319983462
290 188 245 281.59924911055646
291 188 594 205.4793350248706
292 189 316 94.05969637344238
293 190 63 353.8238742084104
294 190 160 187.09902927249428
295 190 973 166.346078651446
296 192 750 101.17800361649206
297 193 969 354.53765379698683
298 194 41 235.77507514581038
299 194 580 206.52109227981248
300 194 888 338.9472379592025
301 195 332 223.7189928962159
302 195 532 34.09574000178924
303 196 145 34.179865611227406
304 196 240 40.69001664056064
305 196 299 364.8116379302138
306 196 510 280.94438901044145
307 197 498 400.34422560518937
308 198 174 175.94832545627372
309 198 362 405.93923812386265
310 199 383 234.9271200173588
311 199 864 186.30631821665926
312 200 633 16.52056775459231
313 200 709 144.86514679921177
314 200 763 47.26200387496558
315 203 978 187.7144262911939
316 204 119 140.17137370245635
317 204 261 256.33357263232745
318 205 28 205.78852758052375
319 207 405 281.89473871126194
320 209 89 262.7131950533791
321 209 800 243.98021079154768
322 210 711 123.42115153420282
323 210 963 318.5860679781445
324 213 542 215.3533452489615
325 213 627 312.38431776095445
326 213 717 68.25146087455776
327 214 690 461.71445307297853
328 215 76 207.66688795635903
329 215 693 312.99439046599394
330 217 31 216.60068276518373
331 218 502 98.26732973647178
332 218 778 520.7703638254634
333 220 465 283.23561611603725
334 221 42 246.44830665707556
335 222 415 116.00403398220192
336 223 92 113.05482753734023
337 223 477 162.48444070512267
338 223 812 176.6485719934747
339 225 279 150.1872327219985
340 226 362 21.832868836531627
341 226 425 193.4066819454178
342 228 503 250.87549947651974
343 228 522 241.64664599727956
344 228 819 239.80884072287816
345 230 599 566.0617760242652
346 230 758 475.2791811786681
347 231 422 201.2262949207355
348 231 428 26.03255556750266
349 232 94 305.409587542122
350 232 633 180.5085752919015
351 232 720 461.0604387102462
352 233 369 64.99221084236272
353 234 368 342.69488602222617
354 234 829 345.9512135386532
355 235 0 241.94012810826987
356 235 184 287.9096408758729
357 235 617 33.00752490956137
358 236 420 123.92671743331479
359 236 972 274.1635209253894
360 239 621 44.77927861205744
361 239 866 58.28892830196476
362 240 196 40.69001664056064
363 241 464 252.48868096309187
364 242 144 291.81757823676656
365 242 997 318.85528718934654
366 243 84 192.4923290557345
367 244 434 142.46611860995193
368 245 188 281.59924911055646
369 245 334 230.41881435400757
370 246 547 311.2996327180228
371 247 65 395.64880126665383
372 250 560 224.58813415516627
373 252 748 149.36198340212607
374 253 854 406.90357792451516
375 253 923 275.2333610939072
376 254 400 140.09994192660852
377 254 677 59.27852501460934
378 258 33 14.183893659811186
379 258 838 124.79046800066058
380 258 901 127.89205655608188
381 260 827 560.2421401765752
382 261 204 256.33357263232745
383 262 686 108.0167570964359
384 264 859 288.2515868451798
385 266 54 46.65946833649986
386 266 579 249.70419309920092
387 266 913 176.93554053104785
388 268 123 188.00493010754332
389 268 558 66.83809584781054
390 268 779 262.9255787284166
391 269 528 108.28184686819465
392 269 949 85.50631903653627
393 270 22 237.91067300459645
394 270 81 461.25954435756944
395 271 599 290.2465215294432
396 272 86 264.14830880731716
397 272 462 77.49650829177374
398 272 595 408.8909061528467
399 272 830 154.22013529811997
400 275 301 357.7301369693792
401 276 465 192.57476837676487
402 277 630 232.8020078730711
403 277 761 411.37165621179196
404 278 622 475.6473438690113
405 279 225 150.1872327219985
406 279 522 221.65027920884052
407 279 660 93.02588938221656
408 279 714 55.347505758323145
409 280 17 100.60471181937787
410 281 542 293.0878188311638
411 281 571 389.57482605921416
412 282 88 167.24015251198585
413 282 964 173.46394153403477
414 283 645 213.43954716481957
415 284 11 321.073287492686
416 284 531 290.2986919749859
417 284 710 387.21396030110685
418 285 117 431.7044170398201
419 285 588 198.45783283295253
420 286 981 38.81580341380283
421 287 81 369.95454512680755
422 287 643 90.13827769539098
423 289 297 180.27851595469534
424 289 787 159.01206509029186
425 292 849 90.49390038888338
426 294 446 104.72081614371514
427 294 677 181.9534306323521
428 294 953 234.0985990453922
429 296 317 238.7630213178758
430 296 331 58.220568987078096
431 296 539 43.14562507338004
432 296 571 131.11842804975328
433 297 289 180.27851595469534
434 298 915 110.46365588436245
435 299 196 364.8116379302138
436 300 342 59.57602962977012
437 300 345 77.49571559724474
438 301 34 460.233522306794
439 301 162 378.948110687953
440 301 275 357.7301369693792
441 302 513 177.78337001925783
442 304 444 199.1657326772427
443 305 576 33.66150645243913
444 306 65 166.60700150255255
445 306 545 181.47357100771134
446 307 668 98.20404330013665
447 307 788 278.92923004454605
448 308 159 158.48709184455515
449 308 472 118.56549135777708
450 308 501 71.19001038823967
451 308 567 89.06934168494251
452 308 666 44.89998766077357
453 309 436 508.8179014549239
454 310 698 122.6116980042566
455 311 423 252.8618232700198
456 311 814 102.71724456014599
457 311 956 205.10279140897404
458 312 580 56.19588270526916
459 313 438 75.89139641822759
460 313 495 233.99487094828535
461 315 430 171.54897648002378
462 316 189 94.05969637344238
463 316 358 239.87598176769956
464 316 400 152.92899598531153
465 317 296 238.7630213178758
466 318 62 363.69601838135264
467 320 513 329.83936828674
468 320 514 439.5821184991803
469 320 808 424.45059357725813
470 320 944 47.103985418403994
471 322 968 105.84756726021944
472 323 423 219.3832543183836
473 323 719 204.89358549067398
474 324 745 94.0769822690126
475 324 749 262.5091420323268
476 325 567 34.62718631449572
477 325 621 131.15613672643394
478 328 560 414.2162194382278
479 328 741 33.0946086051001
480 331 15 295.7348213593677
481 331 296 58.220568987078096
482 331 411 176.05232145912086
483 331 654 187.98901316140834
484 332 195 223.7189928962159
485 332 492 245.26250520584603
486 333 57 190.88476854609917
487 333 797 315.6894873720307
488 334 156 53.404149999862206
489 334 245 230.41881435400757
490 335 822 212.16392419583966
491 335 998 487.78244659721634
492 337 178 238.20084561465546
493 337 767 111.27264675505937
494 337 840 163.52750631328396
495 338 716 163.45447754260013
496 339 958 474.2032707071111
497 340 93 110.20818455998518
498 341 475 149.91673018314162
499 341 581 215.6036078174651
500 341 642 266.20603954031327
501 342 45 256.45093878264316
502 342 52 120.50537917100438
503 342 300 59.57602962977012
504 343 561 353.0414353518505
505 344 53 385.2813579620379
506 344 462 137.8301606692042
507 344 572 435.76715113314805
508 345 300 77.49571559724474
509 345 960 213.0648879485938
510 346 418 154.5883415272986
511 346 691 96.21318115672958
512 346 723 235.9129651855602
513 347 628 91.84107903870732
514 348 55 359.89809913036197
515 349 748 258.9391697965543
516 350 113 179.67650257937933
517 350 464 353.8354299994775
518 352 446 168.74963278538158
519 353 358 259.07456764188936
520 353 562 112.1833061835551
521 354 457 50.984395223302606
522 354 526 217.40189444851794
523 354 766 224.4717863211099
524 355 997 439.9654927097268
525 356 637 65.86397824824259
526 358 316 239.87598176769956
527 358 353 259.07456764188936
528 358 899 137.03007088696447
529 360 158 161.60568570687454
530 360 997 107.08257038080622
531 361 396 199.32578035228073
532 362 0 266.8861410294108
533 362 95 473.14160565539214
534 362 198 405.93923812386265
535 362 226 21.832868836531627
536 362 835 188.15868890791853
537 364 412 268.6351933639601
538 364 679 512.9219411670218
539 365 502 76.29527185126702
540 365 947 150.60448460851106
541 367 384 89.42792550802352
542 367 685 312.08372767280645
543 367 958 271.2088974309107
544 368 234 342.69488602222617
545 368 989 79.43666758427028
546 369 141 196.15365534592323
547 369 233 64.99221084236272
548 370 90 322.675968491967
549 370 545 286.9583986539572
550 374 462 185.09439591416498
551 377 35 338.9881131399834
552 377 463 317.97472266902156
553 377 484 204.35223557592883
554 377 706 144.43944887084317
555 377 737 284.614629415755
556 379 555 96.70659411097654
557 379 674 156.79900965505203
558 380 61 91.94166161256953
559 380 476 65.04549568130061
560 380 817 270.96870911444717
561 382 5 68.61693821542897
562 383 173 194.258876521319
563 383 199 234.9271200173588
564 383 814 136.27909004320705
565 383 964 93.17236633320826
566 384 367 89.42792550802352
567 384 987 343.6029538774255
568 386 165 372.134911596684
569 387 702 217.41637071492192
570 387 753 78.98084283725738
571 390 14 143.77257527266346
572 391 686 41.46334650186958
573 391 823 147.1271703702871
574 392 730 258.7186812802782
575 393 71 64.2754193225485
576 394 713 359.95683377798866
577 395 549 233.64715289832506
578 395 750 43.7188048189231
579 396 38 144.21241194406738
580 396 361 199.32578035228073
581 396 539 260.3673755355124
582 400 59 414.6693517681336
583 400 254 140.09994192660852
584 400 316 152.92899598531153
585 401 649 258.2734313014104
586 401 663 254.09112803852076
587 401 704 262.4954978331924
588 401 897 73.03041359958829
589 402 650 215.86729192644205
590 402 726 116.05426114242609
591 403 763 154.54657613420048
592 403 976 387.8937382091954
593 404 120 276.17166366201326
594 404 520 181.42853436515782
595 405 207 281.89473871126194
596 405 663 109.1490343497612
597 405 734 198.5723330704009
598 407 71 419.3139921197615
599 407 506 457.6327295669247
600 407 518 372.97238202214567
601 407 554 504.6041773588678
602 408 54 187.40715714741387
603 409 646 323.8559842607052
604 410 684 78.27873738488131
605 411 12 406.4588066797292
606 411 331 176.05232145912086
607 411 641 324.2627274249952
608 411 972 490.01854454401297
609 412 364 268.6351933639601
610 412 752 329.60906229885495
611 413 502 219.1239822588533
612 413 994 205.6521164886213
613 415 222 116.00403398220192
614 416 133 156.19322801863296
615 417 451 219.59709900754834
616 418 346 154.5883415272986
617 418 487 235.40203983874488
618 418 733 104.65907369204037
619 419 797 56.063373493072525
620 419 936 259.8095873408529
621 420 174 164.75842352478867
622 420 236 123.92671743331479
623 420 846 147.50349593047068
624 421 75 264.6922258018163
625 421 423 29.59684404924264
626 422 231 201.2262949207355
627 422 788 149.2212099786416
628 422 965 118.11959593672317
629 423 311 252.8618232700198
630 423 323 219.3832543183836
631 423 421 29.59684404924264
632 423 778 557.1353704565461
633 425 226 193.4066819454178
634 425 701 337.50267336835986
635 426 579 301.59141771088304
636 427 170 306.2900174238915
637 428 54 99.17791252793063
638 428 231 26.03255556750266
639 430 315 171.54897648002378
640 430 667 177.9151996503346
641 431 28 311.13762715519863
642 431 619 189.74946423196997
643 432 672 394.112676193702
644 433 705 200.37129109648416
645 433 747 224.8628343990371
646 434 244 142.46611860995193
647 434 777 102.87531706049475
648 435 122 187.39429473916698
649 436 309 508.8179014549239
650 437 179 296.7846513689521
651 438 313 75.89139641822759
652 438 596 186.9476969876526
653 442 577 92.06346731978422
654 442 614 509.67172744164145
655 444 304 199.1657326772427
656 444 535 193.18843931196466
657 444 681 166.29439323429395
658 445 817 148.3964272785261
659 446 294 104.72081614371514
660 446 352 168.74963278538158
661 446 449 42.92030998700714
662 447 35 481.5538337487835
663 447 142 122.19673287522038
664 447 497 426.83713165953014
665 447 916 428.8259483829159
666 449 446 42.92030998700714
667 451 417 219.59709900754834
668 451 785 225.56483910120127
669 452 50 312.48634111037256
670 452 182 56.480568433331484
671 453 24 311.9329399943375
672 453 627 166.6202587503234
673 454 187 143.13086474645783
674 454 990 80.3944866585642
675 455 5 253.65782222366553
676 455 474 523.0176483724798
677 455 765 304.33894763667877
678 456 32 185.702526696914
679 457 354 50.984395223302606
680 459 491 400.9247063098378
681 460 789 356.3364284378757
682 460 828 347.75992337470444
683 462 272 77.49650829177374
684 462 344 137.8301606692042
685 462 374 185.09439591416498
686 462 490 343.11689829123765
687 463 377 317.97472266902156
688 464 241 252.48868096309187
689 464 350 353.8354299994775
690 464 508 267.89885160268943
691 465 220 283.23561611603725
692 465 276 192.57476837676487
693 465 717 333.0033891589818
694 466 147 236.41195903020318
695 467 44 176.37348797373826
696 467 929 173.84895145075757
697 469 76 208.34509450148948
698 470 840 112.39000316752742
699 472 130 196.85191848483802
700 472 308 118.56549135777708
701 473 169 149.63620387154543
702 473 904 273.28176519426944
703 474 455 523.0176483724798
704 475 341 149.91673018314162
705 475 714 226.32466489849944
706 476 380 65.04549568130061
707 476 849 414.1674136495447
708 477 223 162.48444070512267
709 477 490 263.97638131438214
710 477 871 107.01462943669429
711 478 688 112.99118043160192
712 481 639 470.88922143046545
713 481 707 213.62558465452463
714 482 115 544.1900843428232
715 482 749 295.1363375075493
716 482 958 410.91224292037674
717 484 377 204.35223557592883
718 484 971 111.863554913224
719 485 956 166.2300151947036
720 486 121 75.74843822553169
721 487 418 235.40203983874488
722 488 164 425.68759330719433
723 489 854 250.41380006816772
724 489 896 151.61833112390417
725 490 462 343.11689829123765
726 490 477 263.97638131438214
727 491 459 400.9247063098378
728 492 332 245.26250520584603
729 492 968 152.59618501499267
730 494 730 405.0662617595324
731 495 313 233.99487094828535
732 497 447 426.83713165953014
733 498 197 400.34422560518937
734 499 899 111.99591063369651
735 501 308 71.19001038823967
736 501 762 317.0910532136861
737 502 218 98.26732973647178
738 502 365 76.29527185126702
739 502 413 219.1239822588533
740 503 228 250.87549947651974
741 503 516 206.64563240027624
742 504 748 225.9429646474174
743 505 17 190.65065944332923
744 505 117 386.3303932644185
745 506 407 457.6327295669247
746 506 675 217.1757259996898
747 506 930 404.3152032312543
748 507 84 224.4214428983198
749 508 464 267.89885160268943
750 508 562 275.31437621696716
751 508 772 27.631759369036022
752 509 521 148.01318558780167
753 509 954 472.2515443636717
754 510 196 280.94438901044145
755 510 560 287.99368085425084
756 510 949 123.98355799510172
757 513 302 177.78337001925783
758 513 320 329.83936828674
759 514 320 439.5821184991803
760 514 859 153.9731644636192
761 516 503 206.64563240027624
762 517 584 414.39502518275395
763 517 944 34.27650877263762
764 518 407 372.97238202214567
765 518 719 158.74060497263508
766 519 16 375.182823300267
767 520 404 181.42853436515782
768 520 645 246.33810930368233
769 520 777 127.47351536456117
770 520 937 370.97933867681604
771 521 509 148.01318558780167
772 522 228 241.64664599727956
773 522 279 221.65027920884052
774 524 152 77.44881673437129
775 525 645 221.80129840709944
776 525 827 122.5493680554113
777 526 354 217.40189444851794
778 526 969 397.38545465306396
779 528 269 108.28184686819465
780 528 589 161.92772949804248
781 528 778 357.4029348115153
782 529 951 294.40636597528027
783 530 175 290.922792114046
784 530 631 297.4863824098041
785 530 868 325.1362748710972
786 531 67 233.1914200989977
787 531 284 290.2986919749859
788 532 87 306.8317826612138
789 532 179 204.64460597025828
790 532 195 34.09574000178924
791 532 634 201.00906055416712
792 532 803 250.96949317005095
793 533 79 65.8796559997185
794 533 867 135.02389859125742
795 535 57 216.98165231652834
796 535 444 193.18843931196466
797 536 654 99.25304676812405
798 537 543 306.5086549930931
799 537 683 336.04991825419324
800 537 708 546.3170009864978
801 537 924 274.4762789561475
802 538 697 177.78589550208298
803 539 296 43.14562507338004
804 539 396 260.3673755355124
805 539 793 139.397280900142
806 540 16 128.08408678351887
807 540 166 81.04208257395489
808 541 776 75.99672241934009
809 542 213 215.3533452489615
810 542 281 293.0878188311638
811 542 676 215.72448984516996
812 543 51 237.32013392832764
813 543 537 306.5086549930931
814 544 186 464.10052175231766
815 545 306 181.47357100771134
816 545 370 286.9583986539572
817 546 703 508.02714194920975
818 547 246 311.2996327180228
819 549 395 233.64715289832506
820 549 600 54.67850060786876
821 549 941 148.20915764458914
822 552 62 413.2590263670629
823 552 575 300.97778423294164
824 552 680 183.37933473443067
825 552 863 122.70915691416165
826 552 951 349.11583484195205
827 554 407 504.6041773588678
828 554 966 345.2250595240191
829 555 13 321.3254771061636
830 555 379 96.70659411097654
831 556 917 160.38798912571437
832 557 162 273.6851128253504
833 558 268 66.83809584781054
834 558 965 193.437242274916
835 560 250 224.58813415516627
836 560 328 414.2162194382278
837 560 510 287.99368085425084
838 560 819 556.7204707962073
839 561 343 353.0414353518505
840 562 353 112.1833061835551
841 562 508 275.31437621696716
842 562 838 299.97569564134534
843 563 124 54.42010537845556
844 563 578 294.4792201140912
845 564 695 163.1002539025671
846 566 855 342.0678944009742
847 566 877 251.98631069750954
848 567 308 89.06934168494251
849 567 325 34.62718631449572
850 567 637 82.13080025280314
851 567 754 187.3995463409325
852 568 107 80.2912528230513
853 569 723 230.56206786678797
854 571 281 389.57482605921416
855 571 296 131.11842804975328
856 572 344 435.76715113314805
857 574 796 55.32243903887223
858 575 88 308.00815829169414
859 575 552 300.97778423294164
860 575 603 165.03708214926453
861 576 305 33.66150645243913
862 577 442 92.06346731978422
863 577 803 219.61080264477602
864 577 867 275.2317195361165
865 577 985 311.1629805896141
866 578 563 294.4792201140912
867 578 835 250.0362732911715
868 579 164 170.23770174630633
869 579 266 249.70419309920092
870 579 426 301.59141771088304
871 579 738 113.77622485115764
872 580 194 206.52109227981248
873 580 312 56.19588270526916
874 581 341 215.6036078174651
875 581 622 169.90478443116595
876 582 933 76.37077511044399
877 584 517 414.39502518275395
878 584 770 245.64373998983882
879 585 965 268.0010687367789
880 586 760 228.06543900711696
881 586 795 291.23505693314803
882 586 836 229.9807073232227
883 587 693 319.38527516121485
884 587 835 223.3064654052957
885 588 43 314.1368676595744
886 588 285 198.45783283295253
887 589 10 98.71916711573783
888 589 116 481.3762467641789
889 589 528 161.92772949804248
890 589 719 45.16931610124597
891 590 168 47.58937089221608
892 590 697 149.9846276834918
893 590 919 205.2797114592377
894 591 815 360.05858146781964
895 592 162 78.17882460542168
896 593 971 138.0826477817334
897 594 188 205.4793350248706
898 594 650 207.5279765694036
899 594 828 87.56797380045491
900 595 272 408.8909061528467
901 596 438 186.9476969876526
902 599 230 566.0617760242652
903 599 271 290.2465215294432
904 599 842 492.2048985790017
905 599 875 436.09653764862253
906 600 549 54.67850060786876
907 600 689 164.56345572077117
908 601 674 563.3850319127655
909 602 33 230.63817900321283
910 603 575 165.03708214926453
911 603 627 131.01555669248694
912 604 751 185.77456398420068
913 606 154 105.06000206670085
914 606 932 219.91930219420422
915 606 975 196.61529174563572
916 607 177 370.19141465385513
917 607 679 171.16103802792045
918 608 832 101.74575536621687
919 609 161 107.11565359867184
920 609 657 376.9732494068163
921 610 651 190.84309053204348
922 611 85 434.62484603033215
923 611 155 321.2723183282431
924 611 934 103.84534285946027
925 614 161 243.837512524651
926 614 181 334.90256089775636
927 614 442 509.67172744164145
928 614 876 503.52283817329754
929 614 941 282.4903543787579
930 615 890 111.97751249197705
931 616 943 118.32570029416814
932 617 235 33.00752490956137
933 618 863 233.24426493747623
934 619 431 189.74946423196997
935 620 875 328.1033032359186
936 621 137 404.4469173010565
937 621 239 44.77927861205744
938 621 325 131.15613672643394
939 622 140 35.86004666116285
940 622 278 475.6473438690113
941 622 581 169.90478443116595
942 622 953 342.96494447498867
943 625 999 205.73400143827516
944 627 213 312.38431776095445
945 627 453 166.6202587503234
946 627 603 131.01555669248694
947 627 949 242.4445633441017
948 627 990 206.68220048927188
949 628 347 91.84107903870732
950 628 938 172.8606251508924
951 628 964 17.18201297811002
952 629 770 557.5570785934905
953 630 39 273.35187850890736
954 630 277 232.8020078730711
955 631 530 297.4863824098041
956 633 200 16.52056775459231
957 633 232 180.5085752919015
958 633 900 218.93442992708896
959 634 532 201.00906055416712
960 637 356 65.86397824824259
961 637 567 82.13080025280314
962 638 668 223.45941514112351
963 639 481 470.88922143046545
964 640 800 530.731537589955
965 641 107 198.5543060343896
966 641 411 324.2627274249952
967 641 771 399.84285574532277
968 642 341 266.20603954031327
969 642 940 152.98231844474174
970 643 287 90.13827769539098
971 644 735 347.31172538712497
972 645 283 213.43954716481957
973 645 520 246.33810930368233
974 645 525 221.80129840709944
975 645 833 120.61761318497807
976 646 30 190.16147908655657
977 646 409 323.8559842607052
978 646 921 135.72456826690163
979 647 683 318.74040528589563
980 647 721 499.7753136134513
981 647 999 254.07303806824953
982 649 401 258.2734313014104
983 649 773 431.62149913689063
984 650 402 215.86729192644205
985 650 594 207.5279765694036
986 651 176 77.0126632246857
987 651 610 190.84309053204348
988 651 748 116.48509337539328
989 652 85 154.5090791853693
990 653 914 47.21752978832056
991 653 992 43.42498911850732
992 654 331 187.98901316140834
993 654 536 99.25304676812405
994 655 741 128.88931862838393
995 656 784 296.40692274654845
996 656 961 324.29345827411373
997 657 90 163.39211423473745
998 657 609 376.9732494068163
999 657 658 450.8996986151297
1000 657 807 237.4604090483216
1001 658 657 450.8996986151297
1002 658 872 158.49956746010764
1003 659 917 363.3265111113309
1004 660 12 369.0485191052603
1005 660 279 93.02588938221656
1006 661 57 603.2965126324435
1007 661 759 42.373654760769284
1008 662 102 546.0013481083456
1009 662 155 425.7497328681457
1010 663 4 226.70484032705534
1011 663 401 254.09112803852076
1012 663 405 109.1490343497612
1013 663 698 317.5873554669198
1014 663 924 238.59354230931547
1015 664 36 227.5332512963207
1016 666 50 94.11203188539749
1017 666 181 73.2207270008867
1018 666 308 44.89998766077357
1019 666 712 146.55321844649404
1020 667 80 42.6504098040764
1021 667 430 177.9151996503346
1022 668 307 98.20404330013665
1023 668 638 223.45941514112351
1024 668 988 162.66548569152906
1025 669 809 192.52470779249748
1026 672 432 394.112676193702
1027 673 987 36.78987957418599
1028 674 379 156.79900965505203
1029 674 601 563.3850319127655
1030 675 506 217.1757259996898
1031 676 177 468.0739524750663
1032 676 542 215.72448984516996
1033 676 839 153.87734642851257
1034 676 956 380.13881735168343
1035 677 254 59.27852501460934
1036 677 294 181.9534306323521
1037 678 715 233.63145819968457
1038 679 364 512.9219411670218
1039 679 607 171.16103802792045
1040 680 552 183.37933473443067
1041 681 166 228.32605803099233
1042 681 444 166.29439323429395
1043 681 796 267.9589915443896
1044 683 537 336.04991825419324
1045 683 647 318.74040528589563
1046 684 31 272.3803321468249
1047 684 410 78.27873738488131
1048 684 893 257.82485916285924
1049 685 367 312.08372767280645
1050 685 815 501.17272654791043
1051 686 262 108.0167570964359
1052 686 391 41.46334650186958
1053 687 186 340.82116717388834
1054 688 478 112.99118043160192
1055 689 600 164.56345572077117
1056 690 214 461.71445307297853
1057 690 770 419.4767923231725
1058 690 805 66.09289334038039
1059 691 346 96.21318115672958
1060 691 733 147.37320144893033
1061 691 940 47.78093125081052
1062 692 123 199.35368952840912
1063 693 215 312.99439046599394
1064 693 587 319.38527516121485
1065 694 7 165.63047422988544
1066 694 767 227.8755712539779
1067 695 564 163.1002539025671
1068 697 538 177.78589550208298
1069 697 590 149.9846276834918
1070 697 804 200.78598234366717
1071 698 310 122.6116980042566
1072 698 663 317.5873554669198
1073 700 180 181.1947061614953
1074 701 425 337.50267336835986
1075 702 160 53.588011400134754
1076 702 387 217.41637071492192
1077 703 546 508.02714194920975
1078 704 401 262.4954978331924
1079 704 809 334.91957475149144
1080 705 87 339.8894560448467
1081 705 433 200.37129109648416
1082 705 737 538.4500739351748
1083 706 377 144.43944887084317
1084 706 725 16.68835343582083
1085 707 119 107.32282655347966
1086 707 481 213.62558465452463
1087 708 124 444.5032061702551
1088 708 537 546.3170009864978
1089 709 200 144.86514679921177
1090 709 780 285.94924261959727
1091 709 831 362.3302065289475
1092 710 284 387.21396030110685
1093 711 210 123.42115153420282
1094 712 666 146.55321844649404
1095 713 55 395.2090902483765
1096 713 394 359.95683377798866
1097 714 70 99.44558638483699
1098 714 182 208.42182347927857
1099 714 279 55.347505758323145
1100 714 475 226.32466489849944
1101 715 181 338.81904202393235
1102 715 182 59.14041415073407
1103 715 678 233.63145819968457
1104 716 338 163.45447754260013
1105 716 781 177.0435751824708
1106 716 852 481.5174047732654
1107 717 213 68.25146087455776
1108 717 465 333.0033891589818
1109 718 85 395.7840098206438
1110 718 891 133.7381548672595
1111 719 323 204.89358549067398
1112 719 518 158.74060497263508
1113 719 589 45.16931610124597
1114 720 232 461.0604387102462
1115 720 898 284.8174992355358
1116 721 647 499.7753136134513
1117 721 842 428.5541385005534
1118 721 910 197.4841929345975
1119 722 59 302.08565522847164
1120 723 346 235.9129651855602
1121 723 569 230.56206786678797
1122 724 860 230.67866360045386
1123 724 923 83.07802761033457
1124 724 975 246.76687717025928
1125 725 706 16.68835343582083
1126 725 929 35.58951323091124
1127 726 402 116.05426114242609
1128 727 728 212.69584535994565
1129 727 980 354.7375056452984
1130 728 727 212.69584535994565
1131 730 392 258.7186812802782
1132 730 494 405.0662617595324
1133 731 844 334.1366831416024
1134 732 167 143.65243487280327
1135 733 418 104.65907369204037
1136 733 691 147.37320144893033
1137 734 182 187.64342448139712
1138 734 405 198.5723330704009
1139 735 644 347.31172538712497
1140 735 853 250.6636258728511
1141 735 985 324.5932133023569
1142 736 73 157.72535149077171
1143 737 377 284.614629415755
1144 737 705 538.4500739351748
1145 738 579 113.77622485115764
1146 741 71 349.8449676497623
1147 741 328 33.0946086051001
1148 741 655 128.88931862838393
1149 741 877 325.2453977767267
1150 742 993 97.89430174452943
1151 745 324 94.0769822690126
1152 747 433 224.8628343990371
1153 748 252 149.36198340212607
1154 748 349 258.9391697965543
1155 748 504 225.9429646474174
1156 748 651 116.48509337539328
1157 749 324 262.5091420323268
1158 749 482 295.1363375075493
1159 750 192 101.17800361649206
1160 750 395 43.7188048189231
1161 751 147 355.74876120062436
1162 751 604 185.77456398420068
1163 752 412 329.60906229885495
1164 752 887 538.1962939396489
1165 753 387 78.98084283725738
1166 754 567 187.3995463409325
1167 756 147 406.6208657022229
1168 757 868 557.6693083165474
1169 758 230 475.2791811786681
1170 759 51 420.4943777923491
1171 759 661 42.373654760769284
1172 759 999 254.98314241385972
1173 760 586 228.06543900711696
1174 761 277 411.37165621179196
1175 762 43 200.8869699226927
1176 762 501 317.0910532136861
1177 763 200 47.26200387496558
1178 763 403 154.54657613420048
1179 765 455 304.33894763667877
1180 765 846 289.66412445723967
1181 766 354 224.4717863211099
1182 767 337 111.27264675505937
1183 767 694 227.8755712539779
1184 767 892 410.9057417494385
1185 768 838 266.92229639920885
1186 769 57 194.3957767787488
1187 770 584 245.64373998983882
1188 770 629 557.5570785934905
1189 770 690 419.4767923231725
1190 771 641 399.84285574532277
1191 772 508 27.631759369036022
1192 773 649 431.62149913689063
1193 773 943 358.4904043029439
1194 775 58 152.17557579959492
1195 775 802 16.496365928310258
1196 776 541 75.99672241934009
1197 777 100 77.4982553641454
1198 777 434 102.87531706049475
1199 777 520 127.47351536456117
1200 778 218 520.7703638254634
1201 778 423 557.1353704565461
1202 778 528 357.4029348115153
1203 778 946 314.02876744366034
1204 779 22 171.19366365386566
1205 779 268 262.9255787284166
1206 780 36 223.27106519420286
1207 780 134 102.81573477093715
1208 780 709 285.94924261959727
1209 780 890 136.46645770634927
1210 781 716 177.0435751824708
1211 782 834 477.208113000754
1212 783 26 416.8618025202656
1213 784 656 296.40692274654845
1214 785 171 152.90039477618657
1215 785 451 225.56483910120127
1216 786 791 313.96329507863754
1217 787 289 159.01206509029186
1218 787 905 116.85143182224246
1219 788 160 166.23369653392123
1220 788 307 278.92923004454605
1221 788 422 149.2212099786416
1222 788 800 419.7223640288969
1223 789 460 356.3364284378757
1224 789 852 232.53886014323032
1225 791 786 313.96329507863754
1226 793 539 139.397280900142
1227 794 149 519.2504889030421
1228 795 586 291.23505693314803
1229 796 574 55.32243903887223
1230 796 681 267.9589915443896
1231 796 868 321.00021910308857
1232 796 954 264.4112515016439
1233 797 333 315.6894873720307
1234 797 419 56.063373493072525
1235 799 867 338.5682331746484
1236 800 209 243.98021079154768
1237 800 640 530.731537589955
1238 800 788 419.7223640288969
1239 801 936 340.8504757089646
1240 802 775 16.496365928310258
1241 803 532 250.96949317005095
1242 803 577 219.61080264477602
1243 803 999 85.9264128265826
1244 804 697 200.78598234366717
1245 805 690 66.09289334038039
1246 805 987 72.69643964175981
1247 807 657 237.4604090483216
1248 807 873 109.96411496071262
1249 808 320 424.45059357725813
1250 809 669 192.52470779249748
1251 809 704 334.91957475149144
1252 809 931 77.44808877518138
1253 811 38 358.6321475160019
1254 812 223 176.6485719934747
1255 814 311 102.71724456014599
1256 814 383 136.27909004320705
1257 815 591 360.05858146781964
1258 815 685 501.17272654791043
1259 816 107 282.93849483690684
1260 817 380 270.96870911444717
1261 817 445 148.3964272785261
1262 819 228 239.80884072287816
1263 819 560 556.7204707962073
1264 819 846 534.2767710738535
1265 820 826 549.5527096002578
1266 822 5 101.61758318553689
1267 822 335 212.16392419583966
1268 822 957 215.76914875338022
1269 822 973 284.8963079640295
1270 823 391 147.1271703702871
1271 824 144 150.84695175323225
1272 824 955 131.62130378843102
1273 826 820 549.5527096002578
1274 827 120 232.8761071764859
1275 827 260 560.2421401765752
1276 827 525 122.5493680554113
1277 827 998 83.66153260998082
1278 828 172 202.0127793292663
1279 828 460 347.75992337470444
1280 828 594 87.56797380045491
1281 829 234 345.9512135386532
1282 830 79 81.71528563211484
1283 830 115 380.63296698359534
1284 830 272 154.22013529811997
1285 831 709 362.3302065289475
1286 832 608 101.74575536621687
1287 833 645 120.61761318497807
1288 834 782 477.208113000754
1289 835 106 79.1969464169633
1290 835 362 188.15868890791853
1291 835 578 250.0362732911715
1292 835 587 223.3064654052957
1293 835 854 376.98060268353174
1294 836 163 143.960526637476
1295 836 586 229.9807073232227
1296 837 20 174.31956634852054
1297 837 118 237.09123584569562
1298 837 163 295.4515392529678
1299 838 165 195.0537864063684
1300 838 258 124.79046800066058
1301 838 562 299.97569564134534
1302 838 768 266.92229639920885
1303 839 42 225.7057054081164
1304 839 676 153.87734642851257
1305 840 337 163.52750631328396
1306 840 470 112.39000316752742
1307 842 599 492.2048985790017
1308 842 721 428.5541385005534
1309 842 923 308.45307899577824
1310 844 67 294.821747652761
1311 844 731 334.1366831416024
1312 846 420 147.50349593047068
1313 846 765 289.66412445723967
1314 846 819 534.2767710738535
1315 846 953 422.4920916904949
1316 849 292 90.49390038888338
